[name]
unknown

[dist]
# distance from previous block
# <min> <max>
2	11

[block]
# block no. 0 follows, 29 sequences, length 42
# corresponding to MSA columns:
# 11-52
name=unknown_A
#
# <colnr> <probs for GDERKNQSTAVLIFYWHMCP>
#	G	D	E	R	K	N	Q	S	T	A	V	L	I	F	Y	W	H	M	C	P
0	0.01512	0.04361	0.16610	0.10513	0.05544	0.01475	0.09069	0.05405	0.04804	0.04575	0.04561	0.02632	0.07962	0.01306	0.07270	0.00310	0.04008	0.02540	0.00448	0.05094
1	0.10015	0.00949	0.01079	0.01147	0.04426	0.04040	0.00776	0.01446	0.01412	0.05761	0.09544	0.22607	0.08366	0.10368	0.06593	0.08459	0.00650	0.01168	0.00550	0.00642
2	0.01223	0.00786	0.00985	0.00981	0.01153	0.00738	0.00719	0.04372	0.01716	0.08287	0.21896	0.30543	0.11680	0.05175	0.00975	0.00273	0.00440	0.04017	0.03351	0.00689
3	0.05033	0.09648	0.01698	0.04791	0.07666	0.05473	0.03145	0.05389	0.06116	0.06823	0.02024	0.02422	0.03139	0.07627	0.00874	0.00238	0.00637	0.00675	0.25747	0.00833
4	0.06104	0.01250	0.01416	0.01346	0.03706	0.05774	0.01012	0.08314	0.07020	0.06631	0.08613	0.06419	0.04654	0.05247	0.14394	0.03985	0.06781	0.04186	0.02359	0.00792
5	0.07996	0.00837	0.00975	0.00937	0.01137	0.00809	0.00687	0.03775	0.01666	0.08578	0.22268	0.21161	0.11487	0.09047	0.01074	0.00285	0.00452	0.01278	0.04859	0.00692
6	0.01097	0.00751	0.00934	0.01003	0.01115	0.00731	0.00702	0.03361	0.04601	0.04218	0.07187	0.46946	0.06640	0.09507	0.01149	0.00315	0.00467	0.04459	0.04177	0.00641
7	0.01189	0.00862	0.01227	0.09207	0.01569	0.00899	0.04230	0.01366	0.01268	0.04933	0.05973	0.03896	0.06304	0.37276	0.16215	0.00632	0.00944	0.00952	0.00458	0.00599
8	0.01354	0.01351	0.05372	0.54804	0.07807	0.01494	0.03987	0.01783	0.01397	0.01835	0.01315	0.01948	0.01032	0.01110	0.05437	0.05225	0.00998	0.00642	0.00323	0.00787
9	0.07664	0.00855	0.00933	0.00950	0.01073	0.04087	0.00665	0.01250	0.01448	0.02038	0.18681	0.24345	0.08779	0.09906	0.01437	0.12967	0.00507	0.01267	0.00576	0.00570
10	0.00928	0.00667	0.00832	0.00901	0.00980	0.00623	0.00605	0.01078	0.01461	0.01959	0.17888	0.39000	0.11281	0.16733	0.01437	0.00352	0.00448	0.01617	0.00641	0.00571
11	0.00887	0.00632	0.00835	0.00974	0.01024	0.00591	0.00652	0.01023	0.01403	0.01885	0.09373	0.65673	0.04784	0.05362	0.01022	0.00301	0.00419	0.01919	0.00661	0.00580
12	0.05108	0.01283	0.01473	0.01082	0.01689	0.01030	0.00866	0.02000	0.05391	0.05645	0.01420	0.01575	0.01140	0.00575	0.00544	0.00124	0.00534	0.00456	0.00462	0.67601
13	0.05058	0.00831	0.01040	0.00998	0.01226	0.00763	0.00737	0.01742	0.01619	0.19635	0.10747	0.32648	0.10930	0.04220	0.00903	0.00265	0.00461	0.01390	0.04026	0.00759
14	0.01808	0.01165	0.01331	0.01138	0.01469	0.01205	0.00888	0.15347	0.13004	0.12448	0.20069	0.03445	0.06071	0.06180	0.00926	0.00250	0.00524	0.00913	0.10911	0.00907
15	0.00884	0.00630	0.00818	0.00960	0.01004	0.00591	0.00633	0.00997	0.01339	0.01777	0.03866	0.65018	0.06758	0.09666	0.01185	0.00329	0.00440	0.01905	0.00637	0.00564
16	0.01247	0.00769	0.00943	0.00966	0.01126	0.00726	0.00686	0.01524	0.05461	0.09986	0.07280	0.38232	0.11913	0.07741	0.01051	0.00291	0.00449	0.01502	0.07419	0.00687
17	0.04815	0.01073	0.01366	0.01144	0.01538	0.00992	0.00908	0.04960	0.04879	0.39562	0.12151	0.12342	0.05159	0.01161	0.00744	0.00229	0.00525	0.00980	0.04482	0.00991
18	0.14521	0.01235	0.01523	0.01197	0.01710	0.01152	0.00986	0.05715	0.01935	0.54283	0.02466	0.02220	0.01597	0.00844	0.00662	0.00217	0.00589	0.00661	0.05373	0.01114
19	0.01971	0.01040	0.01216	0.01029	0.01370	0.01016	0.00817	0.10773	0.04944	0.21989	0.12298	0.03114	0.06834	0.01004	0.00667	0.00204	0.00479	0.00824	0.27505	0.00905
20	0.01129	0.00726	0.00890	0.00911	0.01077	0.00660	0.00664	0.01338	0.01609	0.07631	0.16623	0.28427	0.20148	0.04629	0.00942	0.00268	0.00417	0.04311	0.06944	0.00656
21	0.00966	0.00685	0.00842	0.00888	0.00980	0.00642	0.00609	0.01093	0.01435	0.01901	0.16060	0.25380	0.15520	0.19941	0.01667	0.04989	0.00483	0.04762	0.00606	0.00551
22	0.01345	0.01266	0.02136	0.73264	0.04904	0.01582	0.01978	0.01819	0.01424	0.01819	0.01266	0.01898	0.00949	0.00712	0.00712	0.00237	0.00949	0.00633	0.00316	0.00791
23	0.01036	0.00820	0.01000	0.00931	0.01160	0.00772	0.00695	0.01237	0.01343	0.01811	0.03634	0.04228	0.24748	0.14062	0.25998	0.00602	0.00976	0.00997	0.00490	0.13462
24	0.02441	0.07397	0.02039	0.01645	0.02054	0.43153	0.01283	0.18182	0.02298	0.02514	0.08841	0.01820	0.01626	0.00834	0.00669	0.00193	0.01027	0.00588	0.00491	0.00906
25	0.46088	0.01134	0.01042	0.00948	0.01283	0.01229	0.00735	0.01920	0.01374	0.10114	0.07569	0.08969	0.04108	0.09682	0.00934	0.00283	0.00537	0.00758	0.00543	0.00747
26	0.00922	0.00671	0.00812	0.00876	0.00962	0.00622	0.00585	0.01056	0.01423	0.01876	0.13277	0.35567	0.16722	0.19492	0.01538	0.00367	0.00459	0.01588	0.00623	0.00560
27	0.07677	0.01955	0.02067	0.01593	0.02155	0.02169	0.01316	0.63911	0.03211	0.04405	0.01663	0.01674	0.01183	0.00842	0.00695	0.00214	0.00769	0.00625	0.00695	0.01183
28	0.03818	0.00769	0.00949	0.00964	0.01116	0.00718	0.00676	0.01442	0.01433	0.12639	0.03682	0.36230	0.11371	0.17343	0.01434	0.00357	0.00507	0.03255	0.00640	0.00658
29	0.05271	0.00828	0.00956	0.00924	0.01129	0.00796	0.00690	0.04471	0.03966	0.02552	0.34593	0.16789	0.21234	0.01584	0.00821	0.00239	0.00395	0.01370	0.00710	0.00684
30	0.01046	0.00744	0.01116	0.01116	0.01227	0.00855	0.00855	0.01227	0.01116	0.01599	0.01821	0.02716	0.01710	0.04970	0.63182	0.11250	0.01741	0.00744	0.00372	0.00594
31	0.07094	0.00687	0.00849	0.00976	0.01054	0.00667	0.00663	0.01098	0.01376	0.01968	0.07185	0.62961	0.04444	0.04244	0.00950	0.00292	0.00428	0.01827	0.00643	0.00594
32	0.05660	0.00780	0.00940	0.00985	0.01146	0.00754	0.00715	0.03599	0.01534	0.06137	0.06843	0.41823	0.13761	0.01993	0.04202	0.00305	0.00509	0.03555	0.04094	0.00665
33	0.00986	0.00667	0.00846	0.00936	0.00995	0.00659	0.00635	0.01123	0.01286	0.01792	0.03129	0.39015	0.03558	0.20696	0.08728	0.00466	0.00638	0.04799	0.08488	0.00560
34	0.01060	0.00685	0.00874	0.00959	0.01022	0.00652	0.00639	0.01166	0.01315	0.05401	0.03338	0.45262	0.03863	0.24542	0.01739	0.00411	0.00523	0.05376	0.00602	0.00572
35	0.00928	0.00651	0.00858	0.01001	0.01063	0.00617	0.00698	0.01082	0.01404	0.01895	0.06125	0.58671	0.04507	0.05881	0.01041	0.00308	0.00449	0.08937	0.03299	0.00586
36	0.05056	0.00813	0.00974	0.00942	0.01135	0.00798	0.00701	0.01566	0.06039	0.05713	0.31620	0.15245	0.10482	0.04050	0.05050	0.00300	0.00491	0.01228	0.07097	0.00700
37	0.07709	0.01192	0.04283	0.01147	0.01463	0.01132	0.00942	0.14820	0.04220	0.05886	0.07234	0.14887	0.14940	0.01464	0.00900	0.05326	0.00558	0.07031	0.04073	0.00792
38	0.05281	0.01196	0.01404	0.01060	0.01613	0.00950	0.00840	0.01893	0.01529	0.09104	0.03946	0.07494	0.01593	0.00735	0.00583	0.00141	0.00521	0.00606	0.00499	0.59013
39	0.01137	0.00734	0.00955	0.00986	0.01075	0.00748	0.00698	0.01285	0.01381	0.05040	0.09462	0.34221	0.03542	0.10011	0.05918	0.05292	0.04827	0.01359	0.10720	0.00610
40	0.01044	0.00843	0.00891	0.00943	0.01058	0.05215	0.00651	0.01207	0.01511	0.01972	0.14251	0.35391	0.15032	0.11541	0.01211	0.00312	0.00482	0.01529	0.04318	0.00597
41	0.05331	0.01377	0.01581	0.01249	0.04118	0.01187	0.00957	0.08751	0.06019	0.02626	0.01406	0.01571	0.01132	0.00599	0.00561	0.00134	0.00568	0.00475	0.00470	0.59888

[dist]
# distance from previous block
# <min> <max>
6	12

[block]
# block no. 1 follows, 29 sequences, length 28
# corresponding to MSA columns:
# 65-92
name=unknown_B
#
# <colnr> <probs for GDERKNQSTAVLIFYWHMCP>
#	G	D	E	R	K	N	Q	S	T	A	V	L	I	F	Y	W	H	M	C	P
0	0.01842	0.01409	0.01541	0.01325	0.01696	0.07408	0.03805	0.09160	0.18114	0.11953	0.10048	0.12133	0.06871	0.01147	0.00744	0.00225	0.00613	0.00974	0.03956	0.05037
1	0.30207	0.01175	0.01357	0.10224	0.10080	0.01279	0.01055	0.01818	0.04462	0.02592	0.11616	0.09028	0.10414	0.01060	0.00662	0.00231	0.00572	0.00865	0.00520	0.00782
2	0.05652	0.01240	0.01593	0.21544	0.04466	0.03379	0.01258	0.02149	0.13946	0.05448	0.18552	0.03005	0.05042	0.01020	0.00835	0.00233	0.05561	0.00839	0.03398	0.00840
3	0.00986	0.00695	0.00896	0.00938	0.01013	0.00712	0.00645	0.01132	0.01248	0.01724	0.05742	0.22914	0.06662	0.24987	0.22406	0.00648	0.00921	0.01241	0.03929	0.00560
4	0.01273	0.01002	0.01527	0.01338	0.01598	0.00957	0.11897	0.04455	0.05165	0.05856	0.10634	0.32587	0.12237	0.04835	0.00973	0.00276	0.00576	0.01445	0.00631	0.00738
5	0.01171	0.00967	0.01329	0.05059	0.12743	0.00942	0.02349	0.03668	0.03256	0.02163	0.08611	0.21392	0.23964	0.03972	0.00897	0.00257	0.00527	0.01309	0.04689	0.00735
6	0.01590	0.01015	0.01205	0.01106	0.01389	0.01001	0.00841	0.08296	0.11444	0.14402	0.12623	0.23947	0.15216	0.01509	0.00810	0.00246	0.00484	0.01304	0.00729	0.00843
7	0.01209	0.00844	0.01017	0.01027	0.01207	0.00830	0.00746	0.04346	0.09439	0.05952	0.14536	0.37856	0.11904	0.01731	0.00835	0.00256	0.00435	0.01529	0.03578	0.00722
8	0.01011	0.00720	0.00929	0.00982	0.01087	0.00693	0.02599	0.01251	0.04237	0.01979	0.05853	0.45310	0.08224	0.10290	0.01153	0.00311	0.00458	0.01590	0.10712	0.00611
9	0.10506	0.00933	0.01010	0.00937	0.01198	0.00928	0.00712	0.05718	0.04675	0.08930	0.12730	0.13050	0.17410	0.04668	0.00850	0.00247	0.00454	0.01099	0.13197	0.00747
10	0.01154	0.00842	0.00990	0.00989	0.01156	0.00837	0.00708	0.01620	0.12529	0.04466	0.15528	0.22903	0.14145	0.15019	0.01347	0.00335	0.00481	0.03608	0.00658	0.00685
11	0.04783	0.01809	0.01934	0.01503	0.02026	0.01987	0.01236	0.56951	0.03045	0.06670	0.01793	0.01819	0.01283	0.00848	0.00682	0.00209	0.00723	0.00639	0.08921	0.01141
12	0.06911	0.00998	0.01108	0.01071	0.01298	0.01042	0.00790	0.06650	0.14982	0.04786	0.08551	0.27401	0.09240	0.06634	0.00975	0.00279	0.00490	0.01279	0.04742	0.00771
13	0.06150	0.00828	0.00982	0.00983	0.01160	0.00807	0.00712	0.05761	0.01660	0.06666	0.15590	0.36009	0.09473	0.04589	0.00922	0.00269	0.00447	0.01461	0.04840	0.00690
14	0.05183	0.01056	0.01223	0.01066	0.01333	0.01066	0.00783	0.08370	0.09242	0.17455	0.09816	0.05712	0.04730	0.27793	0.01779	0.00395	0.00604	0.00944	0.00642	0.00806
15	0.01449	0.00975	0.01100	0.01052	0.01277	0.01008	0.00776	0.07602	0.14823	0.06768	0.03271	0.24820	0.08086	0.07579	0.00988	0.00275	0.00490	0.01201	0.15674	0.00785
16	0.01036	0.00733	0.00896	0.00967	0.01077	0.00711	0.00673	0.03855	0.04014	0.02132	0.10597	0.47589	0.08372	0.05707	0.00988	0.00285	0.00429	0.01643	0.07661	0.00635
17	0.34172	0.01244	0.01286	0.01099	0.01520	0.01299	0.00883	0.06891	0.03905	0.24769	0.02101	0.10400	0.01685	0.00949	0.00615	0.00226	0.00557	0.00731	0.04745	0.00925
18	0.01558	0.01844	0.09400	0.02252	0.02635	0.01892	0.26777	0.01957	0.01412	0.02052	0.05523	0.01927	0.01351	0.00961	0.01518	0.00271	0.34707	0.00738	0.00359	0.00867
19	0.09709	0.00957	0.01035	0.00922	0.01239	0.00898	0.00715	0.05905	0.01746	0.11963	0.10698	0.07981	0.31623	0.03059	0.00809	0.00235	0.00456	0.01124	0.04747	0.04182
20	0.05812	0.00911	0.01026	0.00969	0.01207	0.00896	0.00728	0.05758	0.07233	0.05870	0.21644	0.16533	0.20876	0.03996	0.00890	0.00254	0.00440	0.01281	0.02944	0.00733
21	0.01022	0.00693	0.00818	0.00830	0.00846	0.00703	0.00495	0.01057	0.01070	0.01440	0.02329	0.09465	0.02657	0.62623	0.10465	0.00708	0.00795	0.01078	0.00443	0.00463
22	0.01548	0.01646	0.03344	0.02491	0.02994	0.01657	0.46721	0.01987	0.01503	0.02076	0.01525	0.05733	0.01310	0.01228	0.06458	0.04637	0.11064	0.00855	0.00368	0.00856
23	0.01260	0.00871	0.00953	0.00868	0.01150	0.00782	0.00665	0.06463	0.01810	0.09558	0.11894	0.05749	0.48847	0.04791	0.00939	0.00254	0.00431	0.01313	0.00690	0.00712
24	0.01387	0.01044	0.01195	0.01103	0.01358	0.01092	0.00841	0.11739	0.14493	0.02787	0.21992	0.16114	0.10373	0.01561	0.03777	0.00273	0.00527	0.01183	0.06349	0.00812
25	0.01153	0.01118	0.08145	0.04349	0.01693	0.00887	0.07276	0.01428	0.01474	0.05005	0.06696	0.41206	0.05331	0.06155	0.01026	0.00295	0.00605	0.04874	0.00585	0.00698
26	0.01799	0.01107	0.01619	0.01368	0.01689	0.02812	0.09174	0.02067	0.01715	0.23706	0.12246	0.22796	0.06693	0.01462	0.02529	0.00268	0.04214	0.01201	0.00679	0.00856
27	0.01983	0.01341	0.01511	0.01273	0.01680	0.01397	0.01024	0.22027	0.15386	0.13840	0.11124	0.03695	0.14852	0.01182	0.00768	0.00232	0.00577	0.04378	0.00737	0.00992

[dist]
# distance from previous block
# <min> <max>
4	14

[block]
# block no. 2 follows, 29 sequences, length 7
# corresponding to MSA columns:
# 109-115
name=unknown_C
#
# <colnr> <probs for GDERKNQSTAVLIFYWHMCP>
#	G	D	E	R	K	N	Q	S	T	A	V	L	I	F	Y	W	H	M	C	P
0	0.08234	0.01685	0.02022	0.06053	0.06250	0.11680	0.10398	0.07456	0.06116	0.04642	0.04698	0.02228	0.04409	0.02716	0.06923	0.00301	0.04289	0.00693	0.00472	0.08736
1	0.01949	0.08419	0.01935	0.01539	0.01908	0.31074	0.04794	0.06399	0.01813	0.02027	0.01976	0.11768	0.04434	0.01293	0.05019	0.00261	0.00988	0.04306	0.00456	0.07643
2	0.09563	0.00738	0.00704	0.00692	0.00887	0.00761	0.00526	0.01705	0.01464	0.02711	0.02184	0.02498	0.01715	0.00812	0.00492	0.00172	0.00355	0.00635	0.70712	0.00675
3	0.02272	0.09355	0.05416	0.01627	0.02135	0.12990	0.04885	0.32862	0.08974	0.03147	0.01670	0.01933	0.01326	0.07137	0.00932	0.00248	0.00865	0.00642	0.00557	0.01026
4	0.08799	0.04158	0.07636	0.05731	0.05283	0.05214	0.02980	0.06886	0.08733	0.04904	0.04231	0.13563	0.01976	0.02651	0.00933	0.06989	0.00695	0.00844	0.00506	0.07288
5	0.01687	0.05322	0.01846	0.04182	0.04057	0.03319	0.06794	0.13961	0.13938	0.02444	0.02052	0.06582	0.01858	0.05472	0.03112	0.15156	0.00762	0.06113	0.00520	0.00823
6	0.08410	0.09703	0.38087	0.01717	0.02451	0.08694	0.04391	0.02151	0.01592	0.02288	0.08560	0.02188	0.01683	0.00824	0.00672	0.00220	0.00913	0.04138	0.00392	0.00927

[dist]
# distance from previous block
# <min> <max>
0	1

[block]
# block no. 3 follows, 29 sequences, length 11
# corresponding to MSA columns:
# 117-127
name=unknown_D
#
# <colnr> <probs for GDERKNQSTAVLIFYWHMCP>
#	G	D	E	R	K	N	Q	S	T	A	V	L	I	F	Y	W	H	M	C	P
0	0.01627	0.01610	0.07797	0.06584	0.16712	0.03842	0.03291	0.12051	0.08301	0.02577	0.08832	0.03088	0.11987	0.01105	0.00872	0.04952	0.00721	0.02607	0.00528	0.00916
1	0.01150	0.00821	0.00965	0.00964	0.01172	0.00771	0.00718	0.03706	0.06080	0.06308	0.13435	0.26554	0.28226	0.01754	0.00849	0.00255	0.00429	0.04449	0.00696	0.00697
2	0.01773	0.00937	0.01221	0.01110	0.01343	0.00910	0.00825	0.08178	0.01641	0.21019	0.04337	0.22174	0.02639	0.09214	0.07473	0.12024	0.00685	0.01099	0.00631	0.00767
3	0.01413	0.01297	0.02067	0.45960	0.03778	0.01581	0.04613	0.03735	0.04284	0.01995	0.01674	0.02769	0.01466	0.00969	0.00959	0.00259	0.09934	0.10048	0.00395	0.00803
4	0.01725	0.01883	0.02991	0.02289	0.02742	0.11831	0.36119	0.04430	0.01630	0.02093	0.01589	0.07490	0.01445	0.07199	0.01253	0.00283	0.10904	0.00855	0.00396	0.00851
5	0.00970	0.00763	0.00836	0.00830	0.01025	0.00689	0.00602	0.04149	0.01660	0.02094	0.13997	0.15971	0.43324	0.08541	0.01102	0.00286	0.00415	0.01468	0.00658	0.00619
6	0.74202	0.01365	0.01092	0.00961	0.01410	0.01556	0.00792	0.02197	0.01274	0.08319	0.01129	0.01252	0.00846	0.00678	0.00461	0.00220	0.00555	0.00411	0.00474	0.00804
7	0.01010	0.00704	0.00889	0.00921	0.00985	0.00703	0.00625	0.01145	0.01318	0.01795	0.13913	0.16498	0.03664	0.36208	0.10505	0.00568	0.00725	0.06744	0.00542	0.00539
8	0.01729	0.04731	0.13936	0.01897	0.02455	0.15071	0.18914	0.05017	0.07952	0.02356	0.11070	0.02600	0.07310	0.00891	0.00746	0.00221	0.00921	0.00799	0.00477	0.00907
9	0.01771	0.01415	0.02146	0.33852	0.06336	0.01578	0.07401	0.14267	0.04912	0.08344	0.01853	0.09620	0.01539	0.00912	0.00745	0.00236	0.00833	0.00815	0.00498	0.00927
10	0.00946	0.00669	0.00879	0.00985	0.01045	0.00651	0.00680	0.01090	0.01356	0.01825	0.08146	0.45078	0.04177	0.16020	0.06831	0.00428	0.00595	0.07425	0.00605	0.00569

[dist]
# distance from previous block
# <min> <max>
0	6

[block]
# block no. 4 follows, 29 sequences, length 31
# corresponding to MSA columns:
# 134-164
name=unknown_E
#
# <colnr> <probs for GDERKNQSTAVLIFYWHMCP>
#	G	D	E	R	K	N	Q	S	T	A	V	L	I	F	Y	W	H	M	C	P
0	0.14784	0.16879	0.04437	0.01344	0.03206	0.05747	0.04135	0.05971	0.05830	0.02481	0.09143	0.08064	0.01982	0.00883	0.00618	0.00195	0.00667	0.00705	0.00485	0.12442
1	0.04118	0.01208	0.01424	0.01314	0.05274	0.03834	0.00949	0.06436	0.06260	0.16462	0.18651	0.06534	0.05031	0.07802	0.01029	0.00256	0.02294	0.00909	0.00652	0.09563
2	0.06957	0.17867	0.02308	0.01543	0.04313	0.11128	0.06568	0.04327	0.08733	0.02261	0.01465	0.03789	0.01242	0.00740	0.00672	0.00183	0.04035	0.00569	0.02691	0.18610
3	0.01788	0.01206	0.05463	0.01158	0.01548	0.01028	0.00962	0.05844	0.06225	0.20346	0.16261	0.05432	0.06558	0.07721	0.06688	0.00327	0.00669	0.00904	0.00662	0.09209
4	0.09564	0.03495	0.01158	0.01078	0.03952	0.00932	0.00749	0.01520	0.03535	0.05936	0.12832	0.11372	0.10609	0.11764	0.01456	0.12833	0.00533	0.01003	0.00544	0.05135
5	0.02063	0.29087	0.15161	0.01611	0.02167	0.22551	0.01538	0.02444	0.03965	0.05073	0.01220	0.01397	0.00998	0.00738	0.00735	0.00195	0.07290	0.00481	0.00364	0.00923
6	0.04936	0.05035	0.01308	0.08981	0.01683	0.01105	0.00917	0.07833	0.03643	0.04239	0.12314	0.04744	0.31553	0.01517	0.03271	0.00266	0.00577	0.04719	0.00611	0.00749
7	0.01263	0.00845	0.00990	0.00943	0.01180	0.00786	0.00708	0.01644	0.07987	0.10293	0.18440	0.13673	0.28856	0.05950	0.00993	0.00270	0.00438	0.03312	0.00704	0.00725
8	0.01349	0.01381	0.05386	0.61707	0.04508	0.01545	0.05613	0.01819	0.01419	0.01839	0.01334	0.02045	0.01052	0.05117	0.00891	0.00264	0.00953	0.00663	0.00325	0.00791
9	0.01140	0.00760	0.01037	0.01066	0.01164	0.00780	0.00772	0.01267	0.01381	0.06362	0.08881	0.38710	0.06691	0.02400	0.10141	0.08753	0.06044	0.01441	0.00588	0.00622
10	0.00935	0.00685	0.00857	0.00910	0.01018	0.00641	0.00637	0.01117	0.01525	0.02040	0.20765	0.31637	0.15716	0.11703	0.04318	0.00356	0.00493	0.03406	0.00649	0.00591
11	0.04633	0.00872	0.01111	0.01061	0.01293	0.00833	0.00811	0.01840	0.05774	0.15572	0.27015	0.23507	0.04499	0.01538	0.00824	0.00250	0.00457	0.06590	0.00741	0.00779
12	0.01448	0.01236	0.01446	0.01052	0.01657	0.00932	0.00835	0.01756	0.01471	0.02297	0.01389	0.04878	0.01225	0.00607	0.00545	0.00114	0.00522	0.00497	0.00433	0.75660
13	0.01857	0.59785	0.15240	0.01386	0.02060	0.05810	0.01468	0.02186	0.01483	0.01778	0.01044	0.01211	0.00912	0.00626	0.00503	0.00166	0.00835	0.00409	0.00307	0.00933
14	0.01126	0.00745	0.00894	0.00870	0.01047	0.00671	0.00624	0.01324	0.01642	0.08008	0.24189	0.16146	0.24827	0.13159	0.01277	0.00312	0.00434	0.01379	0.00680	0.00644
15	0.20413	0.00896	0.00903	0.00879	0.01119	0.00907	0.00661	0.01480	0.03900	0.02498	0.20484	0.13616	0.21559	0.03989	0.00833	0.00251	0.00426	0.01173	0.03343	0.00672
16	0.01157	0.00795	0.00990	0.00934	0.01151	0.00735	0.00719	0.01522	0.04518	0.07096	0.45998	0.05516	0.18879	0.01503	0.00837	0.00235	0.00389	0.05562	0.00755	0.00710
17	0.01043	0.00728	0.00843	0.00873	0.00910	0.00734	0.00533	0.01205	0.05591	0.01593	0.02699	0.21658	0.03082	0.52280	0.02768	0.00563	0.00614	0.01263	0.00507	0.00513
18	0.01339	0.00872	0.01038	0.00969	0.01221	0.00790	0.00722	0.05819	0.01737	0.11032	0.12765	0.23744	0.24406	0.04455	0.00924	0.00257	0.00454	0.01378	0.00685	0.05394
19	0.01611	0.01016	0.01193	0.01069	0.01377	0.00998	0.00821	0.02280	0.18200	0.16936	0.18740	0.08256	0.18618	0.04512	0.00910	0.00255	0.00473	0.01129	0.00740	0.00865
20	0.02723	0.01764	0.01969	0.01532	0.02080	0.01892	0.01258	0.46413	0.09880	0.19829	0.02089	0.01974	0.01439	0.00873	0.00714	0.00218	0.00719	0.00676	0.00753	0.01202
21	0.01244	0.00899	0.01081	0.01094	0.01273	0.00902	0.00799	0.09106	0.07686	0.04321	0.08903	0.44431	0.09829	0.01817	0.00856	0.00266	0.00472	0.03604	0.00688	0.00730
22	0.04913	0.00850	0.01026	0.01000	0.01202	0.00828	0.00735	0.01683	0.08507	0.09001	0.25403	0.25964	0.10015	0.04430	0.00927	0.00265	0.00435	0.01377	0.00710	0.00731
23	0.01639	0.01247	0.01297	0.01159	0.01484	0.03435	0.00899	0.11805	0.23493	0.05211	0.09190	0.07419	0.13673	0.01169	0.00722	0.00224	0.00519	0.00970	0.13546	0.00900
24	0.01139	0.00803	0.01025	0.01035	0.01178	0.00822	0.00756	0.01504	0.08921	0.04134	0.12909	0.21705	0.07912	0.09835	0.14565	0.05725	0.00752	0.04031	0.00594	0.00655
25	0.07822	0.00783	0.00877	0.00894	0.01075	0.00749	0.00645	0.01363	0.03476	0.04949	0.12867	0.27674	0.21720	0.06029	0.00965	0.00274	0.00425	0.01420	0.05342	0.00651
26	0.01167	0.00959	0.01026	0.01030	0.01218	0.04123	0.00751	0.03629	0.10701	0.02191	0.10876	0.27953	0.19140	0.04129	0.04784	0.00312	0.00552	0.01403	0.03356	0.00700
27	0.05956	0.00929	0.00962	0.00888	0.01131	0.03010	0.00682	0.04212	0.04605	0.09295	0.12026	0.06165	0.02558	0.00983	0.00605	0.00194	0.00429	0.00804	0.43802	0.00763
28	0.05612	0.01089	0.01551	0.24822	0.08306	0.01221	0.01279	0.04249	0.01490	0.02086	0.04436	0.08537	0.08192	0.09484	0.04433	0.00334	0.02926	0.05145	0.04072	0.00737
29	0.04524	0.01740	0.01926	0.13590	0.16012	0.16323	0.01431	0.04393	0.03347	0.05283	0.07104	0.02351	0.01726	0.10107	0.01191	0.00280	0.06679	0.00700	0.00441	0.00852
30	0.05620	0.00870	0.01022	0.01019	0.01208	0.00859	0.00751	0.06729	0.03733	0.05298	0.14037	0.32117	0.12859	0.05999	0.00996	0.00284	0.00473	0.04758	0.00669	0.00697

[dist]
# distance from previous block
# <min> <max>
16	97

[block]
# block no. 5 follows, 29 sequences, length 42
# corresponding to MSA columns:
# 264-305
name=unknown_F
#
# <colnr> <probs for GDERKNQSTAVLIFYWHMCP>
#	G	D	E	R	K	N	Q	S	T	A	V	L	I	F	Y	W	H	M	C	P
0	0.01688	0.01581	0.08714	0.10603	0.09825	0.05578	0.01388	0.02318	0.13941	0.09874	0.07368	0.05169	0.02034	0.06551	0.03586	0.04128	0.03453	0.00788	0.00519	0.00893
1	0.01454	0.00932	0.01069	0.00972	0.01247	0.00888	0.00742	0.08855	0.03376	0.11726	0.09148	0.12481	0.29172	0.04816	0.04005	0.00292	0.00529	0.01216	0.06316	0.00765
2	0.22256	0.01629	0.09993	0.05420	0.04373	0.05583	0.01214	0.07869	0.04556	0.02649	0.07744	0.12590	0.05176	0.01114	0.00692	0.00237	0.00673	0.04875	0.00527	0.00829
3	0.01735	0.04592	0.07678	0.05518	0.11073	0.11706	0.01360	0.06829	0.04660	0.02274	0.01677	0.04187	0.03787	0.03976	0.00832	0.00207	0.03453	0.00629	0.00432	0.23397
4	0.03261	0.00790	0.00958	0.00972	0.01087	0.00817	0.00677	0.01394	0.07692	0.01964	0.12445	0.21120	0.06397	0.23217	0.13507	0.00528	0.00746	0.01245	0.00566	0.00617
5	0.03974	0.00723	0.00872	0.00893	0.01016	0.00686	0.00619	0.01259	0.01524	0.04531	0.22028	0.27481	0.09681	0.16226	0.01379	0.00336	0.00450	0.01412	0.04298	0.00610
6	0.01477	0.03739	0.01297	0.01099	0.01380	0.01148	0.00848	0.08814	0.15590	0.06451	0.20386	0.09495	0.11555	0.05621	0.04255	0.00297	0.00561	0.01077	0.04084	0.00827
7	0.01385	0.00934	0.01066	0.00999	0.01228	0.00935	0.00734	0.03696	0.14487	0.08781	0.12556	0.13451	0.15724	0.13406	0.01240	0.00310	0.00489	0.01172	0.06647	0.00759
8	0.01203	0.00763	0.00952	0.00958	0.01143	0.00693	0.00697	0.01454	0.03506	0.10670	0.17808	0.34276	0.19610	0.01776	0.00851	0.00255	0.00414	0.01562	0.00715	0.00696
9	0.05672	0.00913	0.01049	0.01059	0.01228	0.00952	0.00785	0.06561	0.08492	0.02309	0.06084	0.23957	0.03292	0.15407	0.01330	0.00342	0.00543	0.11360	0.07973	0.00690
10	0.00924	0.00669	0.00868	0.01011	0.01070	0.00643	0.00686	0.01129	0.04260	0.01857	0.03794	0.65809	0.04478	0.05693	0.01035	0.00308	0.00441	0.04075	0.00652	0.00597
11	0.12605	0.00904	0.01074	0.01000	0.01233	0.00877	0.00729	0.01862	0.01445	0.20990	0.02657	0.23620	0.02610	0.15468	0.01403	0.05062	0.00547	0.01103	0.04072	0.00739
12	0.05797	0.00860	0.01054	0.01043	0.01228	0.00840	0.00753	0.05960	0.01580	0.11925	0.05782	0.40222	0.06472	0.08629	0.04133	0.00339	0.00557	0.01458	0.00655	0.00715
13	0.05240	0.01332	0.01590	0.01269	0.01747	0.01323	0.01033	0.16577	0.09163	0.37489	0.05356	0.02406	0.01876	0.00896	0.00688	0.00215	0.00595	0.00717	0.09383	0.01105
14	0.63155	0.01372	0.01175	0.01015	0.01459	0.01542	0.00833	0.07036	0.01487	0.09204	0.05091	0.01542	0.01225	0.00739	0.00507	0.00220	0.00561	0.00484	0.00518	0.00837
15	0.01352	0.00930	0.01036	0.00943	0.01236	0.00868	0.00743	0.09737	0.01917	0.08694	0.12927	0.05513	0.40401	0.01526	0.00807	0.00236	0.00452	0.05585	0.04351	0.00748
16	0.01611	0.00928	0.01165	0.01075	0.01350	0.00879	0.00839	0.02044	0.08650	0.19341	0.20262	0.10894	0.12754	0.05575	0.00978	0.00272	0.00496	0.09328	0.00739	0.00819
17	0.01593	0.01248	0.02098	0.04972	0.08050	0.01249	0.15994	0.04758	0.01737	0.10842	0.16800	0.12071	0.02905	0.01477	0.06828	0.00316	0.04615	0.01021	0.00567	0.00862
18	0.01477	0.01266	0.01477	0.01055	0.01687	0.00949	0.00844	0.01793	0.01477	0.02320	0.01266	0.01477	0.01055	0.00527	0.00527	0.00105	0.00527	0.00422	0.00422	0.79328
19	0.02582	0.02036	0.02014	0.01591	0.02109	0.09156	0.01294	0.55079	0.05512	0.04041	0.01730	0.01760	0.01255	0.00845	0.00692	0.00209	0.00798	0.00630	0.05532	0.01135
20	0.01192	0.00741	0.00949	0.00954	0.01128	0.00668	0.00693	0.01408	0.01684	0.10676	0.24203	0.34136	0.15320	0.01764	0.00854	0.00253	0.00405	0.01559	0.00725	0.00688
21	0.01336	0.01093	0.04240	0.01153	0.01401	0.01021	0.00889	0.06502	0.14457	0.04865	0.11349	0.32342	0.03619	0.07697	0.01045	0.00287	0.00522	0.01339	0.00654	0.04191
22	0.09451	0.01965	0.01961	0.01542	0.02072	0.07421	0.01262	0.51746	0.02930	0.07849	0.01680	0.01697	0.01199	0.00829	0.00677	0.00211	0.00778	0.00610	0.02994	0.01127
23	0.18710	0.01357	0.01444	0.01181	0.01580	0.01435	0.00929	0.22951	0.02039	0.17749	0.01936	0.02413	0.01556	0.16395	0.01257	0.00314	0.00654	0.00687	0.04483	0.00928
24	0.01203	0.00807	0.00976	0.00904	0.01111	0.00740	0.00660	0.01496	0.04180	0.07998	0.32048	0.08404	0.17320	0.14137	0.01296	0.00306	0.00445	0.01220	0.00684	0.04065
25	0.01017	0.00763	0.01144	0.01144	0.01272	0.00890	0.00890	0.01272	0.01144	0.01653	0.01907	0.02797	0.01780	0.05340	0.72153	0.01144	0.01907	0.00763	0.00381	0.00636
26	0.01010	0.00688	0.00825	0.00848	0.00868	0.00697	0.00515	0.01056	0.01094	0.01473	0.02445	0.14361	0.02800	0.56903	0.10870	0.00684	0.00787	0.01145	0.00458	0.00475
27	0.01161	0.00725	0.00917	0.00940	0.01076	0.00664	0.00656	0.01329	0.01539	0.09301	0.16070	0.36008	0.12420	0.12299	0.01256	0.00321	0.00453	0.01546	0.00674	0.00644
28	0.01591	0.01026	0.01204	0.01112	0.01402	0.01029	0.00854	0.04609	0.17895	0.14148	0.12232	0.17513	0.13679	0.01409	0.00788	0.00243	0.00482	0.03398	0.04524	0.00862
29	0.01015	0.00685	0.00798	0.00818	0.00828	0.00686	0.00478	0.01041	0.01078	0.01443	0.02424	0.12688	0.02800	0.63508	0.06283	0.00663	0.00711	0.01138	0.00456	0.00457
30	0.00901	0.00658	0.00852	0.00979	0.01064	0.00610	0.00689	0.01067	0.01475	0.01950	0.10265	0.54991	0.12325	0.02090	0.00901	0.00281	0.00420	0.07215	0.00672	0.00596
31	0.15643	0.00948	0.01000	0.00942	0.01185	0.00966	0.00702	0.05279	0.03884	0.05971	0.10945	0.13600	0.17660	0.11407	0.03702	0.00329	0.00543	0.01112	0.03479	0.00702
32	0.04878	0.00841	0.01028	0.01084	0.03717	0.00798	0.00749	0.04259	0.01634	0.07733	0.12762	0.32640	0.18464	0.04893	0.00950	0.00273	0.00458	0.01478	0.00665	0.00697
33	0.22520	0.01222	0.01263	0.01083	0.01459	0.01298	0.00864	0.14385	0.04781	0.14222	0.04577	0.08134	0.01859	0.00944	0.00615	0.00214	0.00534	0.00737	0.18394	0.00896
34	0.01536	0.01315	0.01379	0.01260	0.01608	0.01467	0.00967	0.03057	0.51412	0.02675	0.03794	0.03655	0.16819	0.04733	0.00890	0.00263	0.00526	0.00966	0.00697	0.00980
35	0.01213	0.00720	0.00928	0.00933	0.01053	0.00701	0.00672	0.01334	0.03484	0.05118	0.09919	0.15052	0.09602	0.04685	0.04601	0.24571	0.00552	0.03848	0.10449	0.00566
36	0.01303	0.00667	0.01003	0.03304	0.01105	0.00677	0.00690	0.01065	0.00994	0.03832	0.01324	0.02193	0.01270	0.02482	0.05631	0.70442	0.00684	0.00629	0.00334	0.00372
37	0.02935	0.01629	0.01911	0.01465	0.02026	0.01666	0.01210	0.37971	0.02737	0.35539	0.02223	0.02043	0.01468	0.00867	0.00714	0.00217	0.00701	0.00676	0.00791	0.01211
38	0.01245	0.00784	0.00898	0.00878	0.01021	0.00778	0.00616	0.01559	0.07248	0.05285	0.09354	0.08815	0.09180	0.24510	0.01720	0.03864	0.00509	0.03243	0.17864	0.00630
39	0.15293	0.01482	0.01660	0.05468	0.01799	0.07077	0.01209	0.05809	0.01400	0.02280	0.01304	0.01755	0.01120	0.01313	0.06930	0.00320	0.30454	0.00588	0.11959	0.00779
40	0.05089	0.01164	0.01655	0.07469	0.11449	0.03684	0.07939	0.01647	0.04414	0.02122	0.10200	0.18701	0.09627	0.10320	0.01135	0.00297	0.00664	0.01152	0.00526	0.00749
41	0.07630	0.01769	0.07443	0.10009	0.08527	0.06957	0.01397	0.09845	0.14826	0.08667	0.01740	0.01885	0.01310	0.00839	0.00760	0.03895	0.00754	0.00608	0.00517	0.10622

[dist]
# distance from previous block
# <min> <max>
2	22

[block]
# block no. 6 follows, 29 sequences, length 30
# corresponding to MSA columns:
# 331-360
name=unknown_G
#
# <colnr> <probs for GDERKNQSTAVLIFYWHMCP>
#	G	D	E	R	K	N	Q	S	T	A	V	L	I	F	Y	W	H	M	C	P
0	0.15429	0.01344	0.01627	0.13147	0.12584	0.05752	0.01246	0.06147	0.01653	0.08622	0.05419	0.17987	0.03975	0.01115	0.00712	0.00235	0.00680	0.00947	0.00531	0.00849
1	0.01025	0.00747	0.00955	0.03721	0.01139	0.00772	0.00678	0.01162	0.01301	0.01761	0.11718	0.16530	0.06562	0.34209	0.09259	0.00540	0.03071	0.03773	0.00524	0.00551
2	0.03475	0.03904	0.01855	0.06426	0.02073	0.07146	0.03814	0.13892	0.03698	0.13339	0.01860	0.04980	0.01542	0.03573	0.05402	0.00285	0.05888	0.03175	0.00545	0.13129
3	0.01556	0.01238	0.01724	0.04372	0.12116	0.01335	0.04349	0.08239	0.03874	0.06255	0.02887	0.09834	0.14042	0.05554	0.01166	0.00268	0.11978	0.00967	0.07407	0.00838
4	0.00919	0.00678	0.00834	0.00918	0.01021	0.00626	0.00643	0.01079	0.01473	0.01926	0.11827	0.38195	0.19170	0.11082	0.01230	0.00324	0.00445	0.06385	0.00646	0.00581
5	0.01493	0.01273	0.01985	0.23832	0.27308	0.01382	0.01604	0.02004	0.06220	0.02258	0.01788	0.06462	0.01510	0.00818	0.00677	0.00216	0.00724	0.00736	0.16813	0.00897
6	0.01175	0.00917	0.01276	0.08982	0.07815	0.00933	0.00983	0.01493	0.03805	0.04652	0.21135	0.22905	0.13724	0.03032	0.00939	0.00257	0.03312	0.01319	0.00621	0.00724
7	0.08088	0.00777	0.00873	0.00882	0.01053	0.00752	0.00647	0.01375	0.01515	0.04713	0.14252	0.16624	0.15697	0.12687	0.01201	0.00309	0.00461	0.06392	0.11068	0.00633
8	0.01045	0.00730	0.00943	0.01017	0.01132	0.00700	0.00720	0.01353	0.05972	0.04482	0.19357	0.49392	0.04900	0.01914	0.00876	0.00269	0.00418	0.03419	0.00701	0.00660
9	0.06792	0.01019	0.01169	0.01169	0.01388	0.02878	0.00918	0.07963	0.03892	0.06590	0.05683	0.22526	0.06593	0.07241	0.01057	0.00306	0.00588	0.20853	0.00644	0.00733
10	0.01068	0.00721	0.00862	0.00854	0.01015	0.00657	0.00612	0.01282	0.01646	0.05368	0.26511	0.17201	0.21347	0.10880	0.01174	0.00294	0.00412	0.01368	0.06098	0.00632
11	0.01019	0.00731	0.01021	0.01030	0.01132	0.00787	0.00760	0.01216	0.01285	0.01805	0.12652	0.09172	0.02956	0.16100	0.39491	0.03514	0.01261	0.02999	0.00479	0.00592
12	0.07626	0.01447	0.01596	0.01316	0.01749	0.01546	0.01056	0.26880	0.13558	0.15273	0.07498	0.06723	0.02123	0.00992	0.00700	0.00221	0.00605	0.00799	0.07249	0.01041
13	0.32345	0.01272	0.01356	0.01121	0.01571	0.01306	0.00913	0.08528	0.01821	0.28672	0.10448	0.03988	0.02022	0.00899	0.00630	0.00222	0.00563	0.00685	0.00679	0.00960
14	0.13567	0.00825	0.00947	0.00960	0.01144	0.00820	0.00702	0.01540	0.01491	0.08864	0.11527	0.32606	0.03597	0.06183	0.00938	0.00277	0.00461	0.03695	0.09172	0.00684
15	0.01573	0.01603	0.02432	0.02010	0.02100	0.02134	0.09819	0.01784	0.01164	0.01784	0.00998	0.01603	0.00953	0.01166	0.02151	0.00303	0.64654	0.00650	0.00318	0.00802
16	0.01000	0.00737	0.00905	0.00986	0.01102	0.00701	0.00695	0.05105	0.01546	0.02025	0.06416	0.49847	0.15590	0.05511	0.01016	0.00295	0.00449	0.04796	0.00657	0.00620
17	0.00904	0.00682	0.00811	0.00872	0.00997	0.00617	0.00609	0.01068	0.01513	0.01958	0.14024	0.32705	0.26894	0.09916	0.01175	0.00308	0.00421	0.03287	0.00653	0.00585
18	0.06273	0.00924	0.01077	0.01025	0.01252	0.00926	0.00764	0.05774	0.07661	0.09522	0.17135	0.25256	0.06209	0.03976	0.00867	0.00255	0.00460	0.01253	0.08627	0.00766
19	0.00890	0.00662	0.00833	0.00946	0.01048	0.00606	0.00667	0.01055	0.01486	0.01939	0.09632	0.50536	0.18914	0.02064	0.00894	0.00276	0.00411	0.05876	0.00670	0.00595
20	0.01060	0.03450	0.01246	0.01150	0.01288	0.00976	0.00901	0.01309	0.01216	0.01736	0.06071	0.06137	0.02154	0.04653	0.59606	0.00985	0.04163	0.00834	0.00414	0.00650
21	0.01329	0.00887	0.01067	0.01061	0.01261	0.00872	0.00790	0.08557	0.04963	0.07285	0.07940	0.36545	0.11785	0.01714	0.00829	0.00258	0.00472	0.05541	0.06107	0.00737
22	0.01031	0.00754	0.01131	0.01131	0.01250	0.00873	0.00873	0.01250	0.01131	0.01627	0.01865	0.02757	0.01746	0.05160	0.67777	0.06073	0.01826	0.00754	0.00377	0.00615
23	0.01649	0.01871	0.04072	0.02924	0.03618	0.01754	0.65363	0.02231	0.01668	0.02263	0.01536	0.04708	0.01220	0.00663	0.00843	0.00242	0.01170	0.00886	0.00372	0.00946
24	0.01230	0.00919	0.01000	0.01015	0.01129	0.04076	0.00708	0.01512	0.07653	0.03992	0.02997	0.15649	0.06233	0.36560	0.02174	0.00472	0.00639	0.10887	0.00551	0.00604
25	0.01682	0.01877	0.07643	0.02212	0.07955	0.06339	0.27079	0.04469	0.01660	0.02312	0.01370	0.01720	0.01084	0.00791	0.03531	0.00225	0.00966	0.00631	0.00389	0.26066
26	0.01341	0.01072	0.03935	0.01016	0.01243	0.00983	0.00760	0.12702	0.01620	0.02171	0.05429	0.08929	0.11942	0.31467	0.02051	0.05205	0.00626	0.01026	0.00529	0.05955
27	0.01270	0.00795	0.00964	0.00898	0.01070	0.00734	0.00634	0.01440	0.01517	0.09614	0.19559	0.04910	0.12112	0.31698	0.01967	0.00419	0.00543	0.05016	0.00610	0.04230
28	0.01732	0.01969	0.03598	0.02662	0.03233	0.08804	0.50217	0.02221	0.01618	0.02130	0.01368	0.01856	0.01080	0.00915	0.04374	0.00286	0.09898	0.00773	0.00356	0.00910
29	0.04436	0.07969	0.25565	0.01818	0.05020	0.03748	0.03464	0.18150	0.09117	0.05305	0.01652	0.04153	0.01282	0.00829	0.00759	0.00223	0.04331	0.00640	0.00488	0.01050

[dist]
# distance from previous block
# <min> <max>
0	7

[block]
# block no. 7 follows, 29 sequences, length 18
# corresponding to MSA columns:
# 368-385
name=unknown_H
#
# <colnr> <probs for GDERKNQSTAVLIFYWHMCP>
#	G	D	E	R	K	N	Q	S	T	A	V	L	I	F	Y	W	H	M	C	P
0	0.01634	0.01127	0.04763	0.03506	0.06321	0.01028	0.01080	0.01890	0.01639	0.18203	0.13098	0.12574	0.10798	0.04079	0.01121	0.03380	0.07155	0.05158	0.00628	0.00817
1	0.01107	0.00887	0.00982	0.01012	0.01151	0.04018	0.00706	0.03295	0.04809	0.02056	0.12100	0.39514	0.09935	0.10767	0.01186	0.00310	0.00495	0.01533	0.00631	0.03506
2	0.01736	0.10778	0.09230	0.01476	0.06026	0.07516	0.01229	0.04541	0.04763	0.05158	0.03691	0.01848	0.03708	0.00697	0.00599	0.00160	0.00698	0.00546	0.00449	0.35150
3	0.01607	0.01420	0.03940	0.03857	0.01853	0.03297	0.01050	0.03988	0.07389	0.05737	0.08689	0.02050	0.01761	0.00764	0.00751	0.00166	0.06405	0.00595	0.00498	0.44184
4	0.07736	0.15014	0.07543	0.02010	0.13507	0.16529	0.03121	0.04954	0.13559	0.04835	0.01539	0.01665	0.01210	0.00727	0.00629	0.00200	0.00855	0.00559	0.00449	0.03358
5	0.05062	0.11596	0.04609	0.01606	0.04437	0.04403	0.01320	0.36321	0.10536	0.03380	0.01700	0.01809	0.01300	0.01224	0.07256	0.00294	0.00878	0.00618	0.00581	0.01071
6	0.01025	0.00797	0.01005	0.07620	0.01416	0.00816	0.00773	0.01341	0.07315	0.01851	0.03763	0.33183	0.15204	0.15193	0.05058	0.00388	0.00594	0.01452	0.00579	0.00627
7	0.01430	0.00919	0.01183	0.01162	0.03682	0.00917	0.00823	0.05244	0.07921	0.07704	0.07172	0.10168	0.11891	0.02047	0.07388	0.25353	0.00660	0.00959	0.00544	0.02831
8	0.02709	0.01375	0.01895	0.01445	0.02007	0.01267	0.06943	0.08630	0.08257	0.45914	0.02443	0.02242	0.01620	0.00825	0.00708	0.00211	0.00661	0.00698	0.00759	0.09393
9	0.01383	0.01305	0.02205	0.66909	0.10958	0.01592	0.01997	0.01853	0.01442	0.01866	0.01272	0.01886	0.00966	0.00705	0.00711	0.00235	0.00940	0.00633	0.00320	0.00822
10	0.00908	0.00669	0.00846	0.00927	0.01021	0.00631	0.00640	0.01066	0.01434	0.01901	0.11775	0.42079	0.15847	0.09051	0.07406	0.00385	0.00552	0.01647	0.00629	0.00585
11	0.00944	0.00676	0.00840	0.00939	0.00993	0.00651	0.00613	0.01109	0.03624	0.01776	0.05342	0.49637	0.06622	0.20905	0.01598	0.00387	0.00486	0.01688	0.00607	0.00563
12	0.73249	0.01363	0.01100	0.00965	0.01416	0.01549	0.00795	0.02214	0.01284	0.09161	0.01151	0.01268	0.00858	0.00680	0.00465	0.00220	0.00556	0.00415	0.00479	0.00810
13	0.00926	0.00657	0.00835	0.00941	0.00994	0.00628	0.00627	0.01043	0.01325	0.01761	0.05731	0.47432	0.07571	0.19559	0.03527	0.00405	0.00525	0.04357	0.00602	0.00552
14	0.01671	0.01579	0.04488	0.01967	0.15582	0.04402	0.03331	0.08518	0.21291	0.02716	0.10989	0.02858	0.08194	0.00951	0.00724	0.00215	0.00659	0.00817	0.00580	0.08469
15	0.13658	0.06439	0.03588	0.04839	0.02045	0.03845	0.04926	0.09897	0.01822	0.19081	0.04338	0.01854	0.01399	0.00755	0.00673	0.00195	0.02695	0.00587	0.00558	0.16805
16	0.00933	0.00705	0.00875	0.00895	0.01039	0.00666	0.00648	0.01142	0.01559	0.02074	0.22396	0.20195	0.23784	0.07457	0.11936	0.00416	0.00624	0.01411	0.00636	0.00609
17	0.01178	0.00891	0.01067	0.00992	0.01220	0.00885	0.00767	0.09514	0.01878	0.02514	0.27286	0.04983	0.23585	0.04090	0.12987	0.00400	0.00687	0.03715	0.00657	0.00705

[dist]
# distance from previous block
# <min> <max>
4	16

[block]
# block no. 8 follows, 29 sequences, length 10
# corresponding to MSA columns:
# 403-412
name=unknown_I
#
# <colnr> <probs for GDERKNQSTAVLIFYWHMCP>
#	G	D	E	R	K	N	Q	S	T	A	V	L	I	F	Y	W	H	M	C	P
0	0.05373	0.12286	0.05447	0.03654	0.02096	0.04893	0.01292	0.23528	0.15476	0.09256	0.01803	0.01817	0.01338	0.00808	0.00695	0.00207	0.02713	0.00605	0.00585	0.06130
1	0.01831	0.05537	0.09159	0.14555	0.11619	0.12286	0.01565	0.14053	0.01940	0.02486	0.04889	0.04443	0.05508	0.00857	0.00692	0.00208	0.00848	0.00697	0.00459	0.06367
2	0.01663	0.06481	0.01749	0.01314	0.05052	0.01298	0.00999	0.09167	0.07207	0.02496	0.01430	0.01634	0.01169	0.00735	0.00713	0.05249	0.00596	0.00497	0.00460	0.50092
3	0.01541	0.01305	0.01597	0.06490	0.01826	0.08016	0.06342	0.06989	0.08684	0.01995	0.02155	0.10495	0.06424	0.01596	0.01519	0.26043	0.04979	0.00863	0.00460	0.00682
4	0.01591	0.05107	0.13861	0.08529	0.12477	0.01533	0.06824	0.04637	0.01556	0.06105	0.01853	0.06920	0.03664	0.03102	0.03757	0.00281	0.09068	0.03149	0.00428	0.05559
5	0.00971	0.00697	0.00866	0.00918	0.01038	0.00648	0.00647	0.01158	0.01490	0.02040	0.15528	0.34304	0.12761	0.09763	0.03792	0.00334	0.00486	0.03998	0.05279	0.03283
6	0.06066	0.07172	0.10604	0.01550	0.06859	0.04038	0.03898	0.04478	0.01546	0.02161	0.05235	0.12123	0.12510	0.06265	0.01053	0.00259	0.06901	0.00941	0.00474	0.05867
7	0.01118	0.00792	0.00977	0.01038	0.03595	0.00772	0.00676	0.01368	0.05422	0.04497	0.11826	0.20565	0.12847	0.26432	0.04545	0.00434	0.00579	0.01306	0.00589	0.00623
8	0.05182	0.01920	0.01738	0.07565	0.06739	0.23853	0.01258	0.07037	0.08950	0.02303	0.08606	0.02194	0.01811	0.01366	0.07935	0.02684	0.03929	0.00667	0.03420	0.00843
9	0.01874	0.11730	0.10496	0.01902	0.07416	0.06640	0.10352	0.05476	0.11760	0.06778	0.01591	0.01756	0.01230	0.00735	0.00759	0.00202	0.05262	0.00602	0.00456	0.12982

[dist]
# distance from previous block
# <min> <max>
3	36

[block]
# block no. 9 follows, 29 sequences, length 25
# corresponding to MSA columns:
# 450-474
name=unknown_J
#
# <colnr> <probs for GDERKNQSTAVLIFYWHMCP>
#	G	D	E	R	K	N	Q	S	T	A	V	L	I	F	Y	W	H	M	C	P
0	0.10479	0.03830	0.01467	0.04585	0.01734	0.03751	0.00943	0.01994	0.10082	0.02310	0.01882	0.05854	0.04128	0.01373	0.09738	0.00295	0.00754	0.00648	0.00468	0.33684
1	0.04109	0.14137	0.05075	0.01276	0.01620	0.05105	0.03243	0.08949	0.01682	0.04634	0.08404	0.10881	0.08297	0.08598	0.06514	0.00338	0.04917	0.00918	0.00511	0.00793
2	0.01031	0.00785	0.01082	0.01067	0.01172	0.00884	0.00798	0.01225	0.01198	0.01675	0.04780	0.05879	0.07906	0.17634	0.44523	0.00876	0.05523	0.00928	0.00434	0.00602
3	0.05767	0.00877	0.01077	0.00969	0.01237	0.00802	0.00732	0.01839	0.01733	0.21170	0.22206	0.12818	0.15347	0.08916	0.01078	0.00281	0.00471	0.01183	0.00720	0.00778
4	0.02023	0.02087	0.05968	0.01517	0.01894	0.23299	0.03221	0.18799	0.02023	0.02494	0.01623	0.02152	0.01390	0.10039	0.12471	0.00407	0.01105	0.00650	0.05982	0.00854
5	0.01565	0.01240	0.01452	0.01072	0.01646	0.00986	0.00856	0.05340	0.01651	0.05761	0.07102	0.02029	0.03952	0.00681	0.00582	0.00131	0.00524	0.00555	0.00497	0.62380
6	0.21108	0.00895	0.00925	0.00897	0.01123	0.00904	0.00672	0.01408	0.01473	0.02361	0.17302	0.10177	0.16224	0.10840	0.01178	0.03458	0.00484	0.05014	0.00580	0.02978
7	0.01496	0.00878	0.01136	0.04870	0.01440	0.00850	0.00826	0.01841	0.06249	0.16224	0.14927	0.23270	0.07405	0.08845	0.01091	0.00292	0.00509	0.03682	0.03405	0.00765
8	0.00888	0.00671	0.00821	0.00894	0.01018	0.00603	0.00628	0.01070	0.01568	0.02054	0.17975	0.41180	0.24141	0.01953	0.00876	0.00262	0.00383	0.01727	0.00685	0.00603
9	0.01064	0.00751	0.00905	0.00967	0.01063	0.00739	0.00648	0.01348	0.07906	0.03816	0.03603	0.42070	0.08795	0.21052	0.01590	0.00384	0.00502	0.01570	0.00614	0.00613
10	0.04455	0.00781	0.00970	0.00957	0.01137	0.00729	0.00698	0.01504	0.01564	0.12069	0.15193	0.26126	0.11859	0.07736	0.01152	0.04489	0.00466	0.03562	0.03878	0.00677
