[name]
unknown

[dist]
# distance from previous block
# <min> <max>
0	19

[block]
# block no. 0 follows, 23 sequences, length 25
# corresponding to MSA columns:
# 19-43
name=unknown_A
#
# <colnr> <probs for GDERKNQSTAVLIFYWHMCP>
#	G	D	E	R	K	N	Q	S	T	A	V	L	I	F	Y	W	H	M	C	P
0	0.09265	0.05307	0.14271	0.01695	0.02323	0.04954	0.01600	0.17837	0.11206	0.07609	0.02671	0.03152	0.06374	0.01123	0.00803	0.00263	0.00853	0.06898	0.00660	0.01136
1	0.04334	0.02286	0.11525	0.04658	0.10603	0.10935	0.06589	0.06790	0.10654	0.02644	0.02013	0.06599	0.01758	0.01197	0.01119	0.06083	0.05229	0.03435	0.00515	0.01033
2	0.01965	0.07236	0.06810	0.06222	0.09776	0.04655	0.04436	0.06732	0.14218	0.05053	0.06663	0.03057	0.02237	0.01024	0.00803	0.00244	0.00835	0.06398	0.00599	0.11037
3	0.07548	0.01246	0.01559	0.01547	0.06178	0.01354	0.01103	0.04860	0.09108	0.09493	0.10403	0.03302	0.02655	0.08694	0.14676	0.00514	0.05416	0.00903	0.08505	0.00935
4	0.02181	0.56570	0.08744	0.01512	0.02224	0.02970	0.01514	0.06868	0.06641	0.02297	0.01377	0.01510	0.01174	0.00751	0.00583	0.00193	0.00878	0.00504	0.00416	0.01096
5	0.01137	0.00829	0.01068	0.01009	0.01205	0.00761	0.00756	0.01509	0.02269	0.03189	0.62440	0.06169	0.11250	0.01683	0.00957	0.00256	0.00385	0.01483	0.00885	0.00761
6	0.01225	0.00855	0.01013	0.00970	0.01217	0.00752	0.00728	0.01507	0.02047	0.07091	0.31650	0.11228	0.33035	0.01852	0.00954	0.00269	0.00423	0.01591	0.00829	0.00765
7	0.01121	0.00828	0.01046	0.00992	0.01195	0.00754	0.00744	0.01478	0.02232	0.03100	0.57598	0.06315	0.16148	0.01716	0.00957	0.00258	0.00387	0.01503	0.00873	0.00754
8	0.01022	0.00824	0.00909	0.00888	0.01135	0.00712	0.00666	0.01287	0.01998	0.02545	0.27450	0.07227	0.46642	0.01923	0.00958	0.00268	0.00402	0.01631	0.00800	0.00712
9	0.77215	0.01569	0.01193	0.01067	0.01569	0.01820	0.00879	0.02385	0.01381	0.03641	0.01130	0.01318	0.00879	0.00753	0.00502	0.00251	0.00628	0.00439	0.00502	0.00879
10	0.49036	0.01497	0.01457	0.01211	0.01762	0.01580	0.00999	0.02986	0.01742	0.27901	0.01923	0.01871	0.01311	0.00849	0.00622	0.00251	0.00652	0.00584	0.00694	0.01071
11	0.77215	0.01569	0.01193	0.01067	0.01569	0.01820	0.00879	0.02385	0.01381	0.03641	0.01130	0.01318	0.00879	0.00753	0.00502	0.00251	0.00628	0.00439	0.00502	0.00879
12	0.00962	0.00809	0.00836	0.00858	0.01105	0.00682	0.00632	0.01160	0.01815	0.02178	0.07785	0.15146	0.59037	0.02112	0.00968	0.00280	0.00418	0.01782	0.00753	0.00682
13	0.03085	0.02273	0.02435	0.01867	0.02516	0.02516	0.01542	0.63716	0.03815	0.05114	0.01948	0.01948	0.01380	0.00974	0.00812	0.00244	0.00893	0.00731	0.00812	0.01380
14	0.77215	0.01569	0.01193	0.01067	0.01569	0.01820	0.00879	0.02385	0.01381	0.03641	0.01130	0.01318	0.00879	0.00753	0.00502	0.00251	0.00628	0.00439	0.00502	0.00879
15	0.01025	0.00732	0.00983	0.01171	0.01234	0.00690	0.00817	0.01193	0.01589	0.02112	0.04452	0.63897	0.05287	0.02508	0.01045	0.00335	0.00502	0.09004	0.00753	0.00669
16	0.02325	0.01409	0.01614	0.06135	0.01964	0.01490	0.01101	0.23014	0.02459	0.12755	0.02398	0.02737	0.01829	0.06342	0.00975	0.00268	0.00678	0.00786	0.28674	0.01047
17	0.03566	0.01500	0.01957	0.01500	0.02131	0.01369	0.01239	0.11932	0.02522	0.58725	0.03034	0.02653	0.01925	0.01000	0.00815	0.00250	0.00717	0.00805	0.00979	0.01381
18	0.03641	0.01381	0.01883	0.01444	0.02071	0.01193	0.01193	0.03954	0.02322	0.66984	0.03201	0.02762	0.02009	0.01004	0.00816	0.00251	0.00690	0.00816	0.01004	0.01381
19	0.01984	0.06773	0.03191	0.09424	0.52700	0.02014	0.02309	0.02584	0.06308	0.02608	0.01618	0.02043	0.01338	0.00755	0.00786	0.00241	0.00943	0.00716	0.00425	0.01239
20	0.00984	0.00722	0.00925	0.01087	0.01166	0.00663	0.00734	0.01135	0.01595	0.02088	0.04997	0.62107	0.13874	0.02474	0.01025	0.00322	0.00462	0.02223	0.00753	0.00663
21	0.01009	0.00721	0.00965	0.01153	0.01209	0.00677	0.00789	0.01165	0.01574	0.02094	0.04461	0.66964	0.05322	0.02523	0.01041	0.00332	0.00489	0.06094	0.00753	0.00665
22	0.02252	0.01931	0.02832	0.07583	0.08274	0.04925	0.14127	0.14124	0.04159	0.09049	0.03961	0.02254	0.01569	0.01166	0.03415	0.00310	0.15599	0.00805	0.00558	0.01110
23	0.01748	0.13426	0.38685	0.02247	0.07390	0.01913	0.06089	0.02415	0.01728	0.04868	0.01874	0.10543	0.01649	0.00985	0.00783	0.00253	0.01032	0.00831	0.00429	0.01114
24	0.06735	0.04497	0.12789	0.02285	0.14212	0.01851	0.01754	0.15187	0.04515	0.07230	0.01883	0.02204	0.01475	0.01761	0.12310	0.00427	0.03334	0.00716	0.03704	0.01133

[dist]
# distance from previous block
# <min> <max>
0	1

[block]
# block no. 1 follows, 23 sequences, length 74
# corresponding to MSA columns:
# 45-118
name=unknown_B
#
# <colnr> <probs for GDERKNQSTAVLIFYWHMCP>
#	G	D	E	R	K	N	Q	S	T	A	V	L	I	F	Y	W	H	M	C	P
0	0.66241	0.07171	0.03886	0.01261	0.03736	0.01935	0.01046	0.02399	0.01429	0.03435	0.01154	0.01353	0.00910	0.00748	0.00523	0.00245	0.00678	0.00454	0.00481	0.00916
1	0.01007	0.00768	0.00926	0.01006	0.01156	0.00687	0.00709	0.01213	0.01787	0.02324	0.16759	0.37863	0.26428	0.02218	0.00996	0.00297	0.00435	0.01954	0.00778	0.00687
2	0.02648	0.13365	0.11114	0.01915	0.02545	0.25676	0.01697	0.20207	0.07906	0.03055	0.01633	0.01743	0.01259	0.00868	0.00736	0.00225	0.01109	0.00612	0.00544	0.01143
3	0.01222	0.00917	0.01155	0.01057	0.01302	0.00844	0.00799	0.01685	0.05139	0.03179	0.56339	0.05656	0.08932	0.01568	0.00925	0.00247	0.00412	0.01377	0.00855	0.06390
4	0.01225	0.00892	0.01089	0.01079	0.01285	0.00844	0.00793	0.01675	0.07378	0.04769	0.32388	0.22496	0.17241	0.01888	0.00962	0.00279	0.00442	0.01658	0.00830	0.00787
5	0.01127	0.00813	0.01065	0.01035	0.01208	0.00751	0.00764	0.01478	0.02197	0.03096	0.57767	0.14738	0.07350	0.01777	0.00968	0.00265	0.00395	0.01580	0.00875	0.00751
6	0.00989	0.00706	0.00942	0.01130	0.01177	0.00659	0.00753	0.01130	0.01554	0.02071	0.04472	0.70954	0.05367	0.02542	0.01036	0.00330	0.00471	0.02307	0.00753	0.00659
7	0.01627	0.04197	0.67279	0.02313	0.03512	0.01884	0.02998	0.02570	0.01713	0.02570	0.01456	0.01713	0.01028	0.00771	0.00771	0.00257	0.01199	0.00600	0.00343	0.01199
8	0.03641	0.01381	0.01883	0.01444	0.02071	0.01193	0.01193	0.03954	0.02322	0.66984	0.03201	0.02762	0.02009	0.01004	0.00816	0.00251	0.00690	0.00816	0.01004	0.01381
9	0.01660	0.01649	0.02422	0.63773	0.05326	0.07476	0.02195	0.02173	0.01680	0.02066	0.01426	0.02104	0.01079	0.00813	0.00804	0.00265	0.01114	0.00704	0.00365	0.00905
10	0.02317	0.56441	0.06161	0.01547	0.02216	0.13056	0.01480	0.04924	0.01834	0.02068	0.01191	0.01366	0.01054	0.00729	0.00573	0.00185	0.00972	0.00465	0.00376	0.01045
11	0.01532	0.01442	0.02434	0.69533	0.05589	0.01803	0.02253	0.02073	0.01622	0.02073	0.01442	0.02163	0.01082	0.00811	0.00811	0.00270	0.01082	0.00721	0.00361	0.00901
12	0.01216	0.00901	0.01143	0.01070	0.01282	0.00863	0.00806	0.01748	0.07188	0.03265	0.61100	0.05824	0.07252	0.01615	0.00947	0.00257	0.00403	0.01425	0.00888	0.00806
13	0.77215	0.01569	0.01193	0.01067	0.01569	0.01820	0.00879	0.02385	0.01381	0.03641	0.01130	0.01318	0.00879	0.00753	0.00502	0.00251	0.00628	0.00439	0.00502	0.00879
14	0.77215	0.01569	0.01193	0.01067	0.01569	0.01820	0.00879	0.02385	0.01381	0.03641	0.01130	0.01318	0.00879	0.00753	0.00502	0.00251	0.00628	0.00439	0.00502	0.00879
15	0.01532	0.01442	0.02434	0.69533	0.05589	0.01803	0.02253	0.02073	0.01622	0.02073	0.01442	0.02163	0.01082	0.00811	0.00811	0.00270	0.01082	0.00721	0.00361	0.00901
16	0.01930	0.01654	0.01758	0.01607	0.02030	0.01902	0.01239	0.04040	0.59541	0.03281	0.03403	0.08829	0.02724	0.01224	0.00844	0.00280	0.00628	0.01036	0.00819	0.01231
17	0.01574	0.01596	0.04697	0.01559	0.01753	0.10117	0.03843	0.01808	0.01495	0.01993	0.02175	0.11147	0.02235	0.16673	0.16750	0.00613	0.13662	0.01016	0.04525	0.00767
18	0.02018	0.01743	0.01835	0.01651	0.02110	0.02018	0.01284	0.04312	0.64956	0.03394	0.03303	0.03027	0.02477	0.01101	0.00826	0.00275	0.00642	0.00917	0.00826	0.01284
19	0.01347	0.01031	0.01545	0.01616	0.07740	0.00956	0.05823	0.01657	0.01927	0.06045	0.23622	0.25689	0.14206	0.01792	0.00960	0.00281	0.00564	0.01619	0.00750	0.00829
20	0.01636	0.02003	0.12895	0.25478	0.08149	0.01755	0.15192	0.02368	0.06682	0.02455	0.04959	0.02634	0.04381	0.01171	0.04477	0.00322	0.01117	0.00853	0.00453	0.01020
21	0.06535	0.42105	0.03340	0.01640	0.02218	0.28033	0.01430	0.02738	0.01884	0.02032	0.01176	0.01364	0.01034	0.00752	0.00600	0.00191	0.01083	0.00468	0.00383	0.00994
22	0.01984	0.06039	0.12356	0.02261	0.13557	0.01741	0.05154	0.11641	0.02052	0.02966	0.01530	0.01791	0.01210	0.00715	0.00709	0.00192	0.00857	0.00603	0.00485	0.32157
23	0.02279	0.06074	0.07728	0.08926	0.20386	0.07770	0.06364	0.18194	0.02295	0.03058	0.01541	0.01891	0.01214	0.00873	0.00976	0.00253	0.07812	0.00699	0.00493	0.01174
24	0.01258	0.00879	0.01061	0.01028	0.01156	0.00899	0.00710	0.01616	0.06308	0.02392	0.22165	0.04899	0.04174	0.30097	0.11017	0.00601	0.00798	0.01172	0.07081	0.00688
25	0.23470	0.06647	0.02674	0.03378	0.38142	0.07778	0.01879	0.02522	0.01741	0.02825	0.01363	0.01718	0.01133	0.00740	0.00693	0.00237	0.00906	0.00606	0.00428	0.01123
26	0.01187	0.00846	0.01245	0.01245	0.01364	0.00964	0.00941	0.01387	0.01268	0.01809	0.02123	0.03277	0.02035	0.10845	0.56378	0.09204	0.01910	0.00876	0.00430	0.00667
27	0.01375	0.00950	0.01115	0.01049	0.01281	0.00955	0.00794	0.02049	0.11735	0.03217	0.40094	0.04815	0.05428	0.01390	0.00837	0.00241	0.00421	0.01200	0.20210	0.00843
28	0.02169	0.71972	0.04252	0.01388	0.02083	0.03211	0.01388	0.02430	0.01649	0.01909	0.01128	0.01302	0.01041	0.00694	0.00521	0.00174	0.00868	0.00434	0.00347	0.01041
29	0.01039	0.00753	0.00981	0.01076	0.01184	0.00695	0.00749	0.01262	0.01812	0.02462	0.24669	0.46174	0.09677	0.02227	0.01006	0.00302	0.00439	0.01999	0.00799	0.00695
30	0.77215	0.01569	0.01193	0.01067	0.01569	0.01820	0.00879	0.02385	0.01381	0.03641	0.01130	0.01318	0.00879	0.00753	0.00502	0.00251	0.00628	0.00439	0.00502	0.00879
31	0.77215	0.01569	0.01193	0.01067	0.01569	0.01820	0.00879	0.02385	0.01381	0.03641	0.01130	0.01318	0.00879	0.00753	0.00502	0.00251	0.00628	0.00439	0.00502	0.00879
32	0.03466	0.01661	0.02056	0.01577	0.02211	0.01608	0.01302	0.22713	0.02791	0.47563	0.02808	0.02506	0.01811	0.00995	0.00815	0.00249	0.00754	0.00789	0.00944	0.01381
33	0.01159	0.00869	0.01304	0.01304	0.01449	0.01014	0.01014	0.01449	0.01304	0.01884	0.02173	0.03188	0.02029	0.06086	0.68268	0.01304	0.02173	0.00869	0.00435	0.00724
34	0.01086	0.00827	0.00998	0.00956	0.01174	0.00739	0.00717	0.01411	0.02150	0.02906	0.47042	0.06635	0.26825	0.01789	0.00958	0.00261	0.00392	0.01548	0.00847	0.00739
35	0.71306	0.01506	0.01159	0.01043	0.01521	0.01737	0.00854	0.02347	0.01406	0.03593	0.01248	0.01451	0.00973	0.00768	0.00507	0.00246	0.00608	0.00464	0.06394	0.00869
36	0.01854	0.01762	0.06897	0.01372	0.02121	0.01324	0.01193	0.09827	0.01953	0.02948	0.01507	0.01718	0.01211	0.00661	0.00641	0.00146	0.00684	0.00521	0.00512	0.61147
37	0.02018	0.01743	0.01835	0.01651	0.02110	0.02018	0.01284	0.04312	0.64956	0.03394	0.03303	0.03027	0.02477	0.01101	0.00826	0.00275	0.00642	0.00917	0.00826	0.01284
38	0.01915	0.02189	0.04788	0.03420	0.04241	0.02052	0.63475	0.02599	0.01915	0.02599	0.01642	0.02189	0.01231	0.00684	0.00958	0.00274	0.01368	0.00958	0.00410	0.01094
39	0.02598	0.15741	0.02492	0.01818	0.02282	0.42850	0.01433	0.03101	0.10722	0.02178	0.01977	0.02072	0.05586	0.00928	0.00721	0.00216	0.01173	0.00640	0.00483	0.00989
40	0.01619	0.01537	0.02562	0.55284	0.14150	0.01871	0.02253	0.02125	0.01628	0.02148	0.01427	0.02113	0.01110	0.00843	0.00945	0.00272	0.06072	0.00721	0.00366	0.00956
41	0.01028	0.00813	0.00931	0.00967	0.01181	0.00717	0.00726	0.01269	0.01882	0.02384	0.17723	0.18230	0.40042	0.02081	0.00985	0.00288	0.00445	0.06828	0.00778	0.00701
42	0.01193	0.00980	0.01174	0.01423	0.05589	0.04723	0.00895	0.01349	0.01585	0.02063	0.03923	0.56660	0.04634	0.08209	0.01267	0.00356	0.00589	0.02000	0.00688	0.00703
43	0.01686	0.01579	0.02658	0.56103	0.10066	0.01871	0.06320	0.05761	0.01788	0.02332	0.01492	0.02140	0.01125	0.00805	0.00820	0.00267	0.01081	0.00738	0.00394	0.00972
44	0.01046	0.00759	0.00993	0.01121	0.01224	0.00706	0.00797	0.01258	0.01743	0.02334	0.16233	0.48539	0.10146	0.02314	0.01023	0.00316	0.00475	0.07506	0.00779	0.00689
45	0.02998	0.01483	0.01863	0.01494	0.02035	0.01428	0.01231	0.17481	0.02631	0.38950	0.10884	0.03531	0.02797	0.01185	0.00859	0.00260	0.00704	0.06015	0.00923	0.01249
46	0.02021	0.02157	0.11203	0.08050	0.51717	0.01876	0.02472	0.02555	0.01843	0.06029	0.01602	0.02020	0.01280	0.00749	0.00800	0.00245	0.00986	0.00712	0.00424	0.01258
47	0.01727	0.10885	0.51227	0.02387	0.03476	0.02047	0.12072	0.02560	0.01737	0.02506	0.01451	0.01743	0.01060	0.00750	0.00774	0.00251	0.01191	0.00637	0.00353	0.01167
48	0.01012	0.00723	0.00965	0.01129	0.01181	0.00692	0.00758	0.01156	0.01514	0.02030	0.04195	0.62283	0.04985	0.06642	0.06186	0.00427	0.00614	0.02138	0.00715	0.00655
49	0.65839	0.01647	0.01455	0.01455	0.07171	0.01876	0.01061	0.06491	0.01583	0.03654	0.01218	0.01419	0.00947	0.00765	0.00549	0.00250	0.00674	0.00483	0.00514	0.00947
50	0.01039	0.00792	0.00955	0.00984	0.01163	0.00708	0.00712	0.01294	0.01936	0.02561	0.29081	0.24988	0.26762	0.02042	0.00980	0.00283	0.00417	0.01787	0.00806	0.00708
51	0.01749	0.03455	0.45962	0.03102	0.20437	0.01907	0.06880	0.02550	0.01763	0.02593	0.01487	0.01824	0.01110	0.00752	0.00792	0.00254	0.01147	0.00656	0.00363	0.01215
52	0.01889	0.01613	0.01723	0.01586	0.01993	0.01848	0.01218	0.03912	0.56996	0.03228	0.03449	0.11555	0.02840	0.01282	0.00852	0.00282	0.00621	0.01092	0.00817	0.01206
53	0.01162	0.00860	0.01256	0.01256	0.01384	0.00988	0.00954	0.01418	0.01290	0.01848	0.02217	0.03430	0.02134	0.13567	0.60931	0.01245	0.02015	0.00905	0.00441	0.00698
54	0.01945	0.07838	0.03285	0.06578	0.52350	0.01968	0.05117	0.02400	0.01810	0.02533	0.01659	0.05799	0.01482	0.00823	0.00800	0.00243	0.00951	0.00797	0.00416	0.01208
55	0.01193	0.00885	0.01121	0.01068	0.01280	0.00839	0.00814	0.01670	0.05731	0.03146	0.55327	0.06175	0.11111	0.01686	0.00959	0.00264	0.00419	0.04652	0.00872	0.00788
56	0.02191	0.02481	0.01853	0.01687	0.01994	0.35246	0.01267	0.02404	0.01824	0.01966	0.01632	0.02371	0.01521	0.10834	0.16682	0.00531	0.05111	0.00690	0.00433	0.07281
57	0.07838	0.16682	0.16152	0.01560	0.02151	0.08339	0.01513	0.04527	0.05224	0.06357	0.10311	0.05130	0.02374	0.07299	0.01036	0.00285	0.00871	0.00808	0.00545	0.00997
58	0.05912	0.08951	0.16755	0.02718	0.21470	0.08760	0.04052	0.04237	0.01922	0.02632	0.07460	0.02627	0.07234	0.00943	0.00778	0.00241	0.00956	0.00789	0.00475	0.01087
59	0.47157	0.02379	0.21874	0.01468	0.02206	0.01777	0.01548	0.02414	0.01510	0.03221	0.01258	0.01473	0.00953	0.00746	0.00595	0.00242	0.00804	0.00493	0.00451	0.07433
60	0.01935	0.09631	0.08402	0.14720	0.10934	0.04363	0.09985	0.10719	0.01961	0.02619	0.01612	0.02111	0.01308	0.01656	0.11638	0.00418	0.03762	0.00728	0.00445	0.01053
61	0.01336	0.09821	0.01480	0.01148	0.01388	0.01196	0.00880	0.01799	0.08665	0.02402	0.11505	0.23764	0.11413	0.04586	0.08184	0.00396	0.00706	0.01418	0.07110	0.00802
62	0.01253	0.00950	0.01115	0.01039	0.01290	0.00891	0.00787	0.06951	0.02252	0.03022	0.38759	0.09695	0.25424	0.01770	0.00949	0.00264	0.00442	0.01524	0.00834	0.00789
63	0.01617	0.02502	0.25649	0.02139	0.02669	0.01929	0.08106	0.02125	0.01483	0.02207	0.01498	0.02183	0.01305	0.05541	0.11152	0.00469	0.25334	0.00743	0.00375	0.00975
64	0.01522	0.06709	0.01814	0.01497	0.01682	0.01565	0.01204	0.06912	0.01580	0.02205	0.02209	0.09829	0.02227	0.07676	0.29456	0.00751	0.15664	0.04184	0.00496	0.00820
65	0.01358	0.01018	0.01257	0.01286	0.03553	0.01044	0.00877	0.05029	0.09389	0.02620	0.20912	0.19347	0.04563	0.18057	0.05630	0.00457	0.00679	0.01421	0.00714	0.00789
66	0.14399	0.12226	0.02366	0.05905	0.18582	0.05532	0.01511	0.04773	0.01729	0.02557	0.01978	0.15807	0.01988	0.01212	0.00902	0.02862	0.03262	0.00943	0.00495	0.00972
67	0.77215	0.01569	0.01193	0.01067	0.01569	0.01820	0.00879	0.02385	0.01381	0.03641	0.01130	0.01318	0.00879	0.00753	0.00502	0.00251	0.00628	0.00439	0.00502	0.00879
68	0.01969	0.01853	0.03094	0.16869	0.52122	0.01932	0.02402	0.05249	0.01897	0.02657	0.01530	0.02034	0.01252	0.00751	0.00805	0.00247	0.00983	0.00723	0.00413	0.01218
69	0.02041	0.01701	0.02198	0.30474	0.03639	0.01947	0.01717	0.19992	0.13885	0.03219	0.02288	0.02535	0.04885	0.00966	0.00811	0.00256	0.00886	0.00800	0.00602	0.05159
70	0.01469	0.01301	0.02016	0.22734	0.03019	0.01528	0.05632	0.02080	0.08381	0.02345	0.10667	0.03058	0.02416	0.02547	0.20769	0.00579	0.07164	0.00902	0.00508	0.00884
71	0.01579	0.01458	0.04787	0.14853	0.05037	0.01337	0.06816	0.02133	0.06672	0.04331	0.08507	0.13613	0.02676	0.04408	0.00979	0.00266	0.00773	0.01047	0.00568	0.18160
72	0.01411	0.01164	0.01386	0.01597	0.10067	0.05479	0.00935	0.01565	0.01459	0.01936	0.07692	0.04362	0.02865	0.41760	0.12357	0.00702	0.01020	0.01054	0.00501	0.00687
73	0.02102	0.01979	0.05446	0.15360	0.25952	0.04412	0.02069	0.11424	0.05406	0.04909	0.01751	0.02292	0.01420	0.00942	0.01026	0.00266	0.08805	0.02786	0.00501	0.01152

[dist]
# distance from previous block
# <min> <max>
6	9

[block]
# block no. 2 follows, 23 sequences, length 98
# corresponding to MSA columns:
# 128-225
name=unknown_C
#
# <colnr> <probs for GDERKNQSTAVLIFYWHMCP>
#	G	D	E	R	K	N	Q	S	T	A	V	L	I	F	Y	W	H	M	C	P
0	0.06541	0.03204	0.02358	0.02211	0.07469	0.43317	0.01600	0.18341	0.02601	0.02904	0.01444	0.01621	0.01140	0.00858	0.00746	0.00222	0.01241	0.00587	0.00520	0.01075
1	0.01512	0.01237	0.01450	0.01133	0.01643	0.00980	0.00848	0.01779	0.01572	0.02376	0.01979	0.09711	0.01981	0.14545	0.01331	0.00272	0.00623	0.00809	0.00512	0.53709
2	0.01035	0.00775	0.00878	0.00938	0.01058	0.00707	0.00622	0.01158	0.01555	0.01968	0.05339	0.26884	0.28020	0.23104	0.01937	0.00446	0.00543	0.01739	0.00675	0.00619
3	0.15167	0.01658	0.01800	0.01658	0.06216	0.07136	0.01226	0.03322	0.12513	0.28928	0.09663	0.02776	0.02404	0.01019	0.00773	0.00251	0.00721	0.00812	0.00789	0.01168
4	0.01444	0.01000	0.01230	0.01167	0.01398	0.01023	0.00884	0.05396	0.05883	0.05657	0.04076	0.04737	0.20927	0.09004	0.20280	0.10235	0.01043	0.03244	0.00613	0.00759
5	0.01044	0.00746	0.01005	0.01194	0.01265	0.00707	0.00850	0.01226	0.01608	0.02134	0.04442	0.60156	0.05245	0.02490	0.01051	0.00337	0.00519	0.12555	0.00752	0.00674
6	0.02169	0.71972	0.04252	0.01388	0.02083	0.03211	0.01388	0.02430	0.01649	0.01909	0.01128	0.01302	0.01041	0.00694	0.00521	0.00174	0.00868	0.00434	0.00347	0.01041
7	0.01589	0.01063	0.01388	0.01312	0.01532	0.02918	0.01023	0.01862	0.01664	0.11568	0.09721	0.08523	0.07931	0.05828	0.30485	0.00746	0.05423	0.03974	0.00624	0.00826
8	0.02440	0.02918	0.01932	0.01800	0.02115	0.47302	0.01336	0.02641	0.01997	0.01941	0.01724	0.06680	0.01648	0.07560	0.12016	0.00442	0.01458	0.00751	0.00449	0.00850
9	0.02845	0.03451	0.02336	0.02082	0.02452	0.54152	0.01598	0.06862	0.02236	0.02178	0.01269	0.01541	0.01069	0.00933	0.01028	0.00233	0.11777	0.00564	0.00433	0.00960
10	0.01355	0.00859	0.01127	0.01206	0.01339	0.00826	0.00903	0.01562	0.01662	0.07207	0.07040	0.26129	0.04402	0.19278	0.01805	0.00446	0.00650	0.20782	0.00714	0.00708
11	0.01220	0.00773	0.01015	0.01033	0.01120	0.00753	0.00720	0.01197	0.01394	0.01831	0.07319	0.09077	0.14245	0.13739	0.08071	0.30405	0.00756	0.04262	0.00535	0.00533
12	0.01576	0.01525	0.02671	0.54327	0.09038	0.01780	0.09138	0.02111	0.01682	0.02176	0.01827	0.02454	0.04537	0.00857	0.00835	0.00269	0.01071	0.00800	0.00390	0.00936
13	0.01711	0.01445	0.01750	0.06050	0.07505	0.01631	0.01298	0.03017	0.33624	0.02862	0.03250	0.15226	0.04957	0.01349	0.00942	0.00279	0.04292	0.01143	0.06604	0.01064
14	0.01130	0.00836	0.01086	0.01234	0.01393	0.00792	0.00981	0.01392	0.01761	0.02262	0.05177	0.29077	0.17790	0.02301	0.01059	0.00338	0.00586	0.29348	0.00750	0.00705
15	0.07162	0.64279	0.04117	0.01552	0.02231	0.03184	0.01455	0.02588	0.01799	0.02287	0.01429	0.01722	0.01312	0.00895	0.00651	0.00234	0.00938	0.00535	0.00460	0.01169
16	0.02102	0.08814	0.13342	0.06633	0.26779	0.09831	0.12405	0.05830	0.01966	0.02588	0.01485	0.01870	0.01182	0.00752	0.00791	0.00241	0.01119	0.00694	0.00411	0.01164
17	0.01276	0.00898	0.01263	0.01428	0.01590	0.00904	0.01210	0.01586	0.01762	0.02309	0.04020	0.13665	0.04384	0.02553	0.05687	0.04382	0.00816	0.48843	0.00706	0.00718
18	0.40193	0.01396	0.01273	0.01106	0.01553	0.01520	0.00895	0.08830	0.01837	0.09936	0.02297	0.02395	0.06402	0.00944	0.00616	0.00239	0.00593	0.00674	0.16361	0.00942
19	0.02119	0.05645	0.12504	0.10680	0.25860	0.02065	0.03897	0.13703	0.02135	0.04974	0.01669	0.02149	0.01331	0.00877	0.00913	0.00256	0.05172	0.02370	0.00487	0.01193
20	0.01795	0.03478	0.45443	0.02805	0.11114	0.01950	0.13532	0.05548	0.01867	0.02709	0.01521	0.01844	0.01112	0.00760	0.00810	0.00257	0.01186	0.00684	0.00385	0.01200
21	0.01008	0.00818	0.00894	0.00887	0.01129	0.00704	0.00661	0.01255	0.01948	0.02453	0.22559	0.10450	0.48442	0.01979	0.00962	0.00272	0.00407	0.01680	0.00789	0.00704
22	0.01771	0.01495	0.01730	0.01244	0.01960	0.01172	0.00998	0.05935	0.01817	0.02800	0.01474	0.01699	0.01213	0.00624	0.00614	0.00128	0.00619	0.00497	0.00502	0.71707
23	0.01587	0.01084	0.01458	0.01427	0.03381	0.01048	0.03006	0.07203	0.03787	0.08737	0.17566	0.30883	0.04714	0.01834	0.00958	0.00290	0.00583	0.06654	0.00786	0.03013
24	0.02187	0.36782	0.19484	0.05365	0.02716	0.11414	0.01872	0.07352	0.01920	0.02344	0.01308	0.01522	0.01067	0.00760	0.00649	0.00210	0.01043	0.00526	0.00393	0.01086
25	0.07649	0.05511	0.08503	0.01779	0.05670	0.01538	0.03652	0.06435	0.02204	0.44768	0.02592	0.02396	0.01698	0.00922	0.00781	0.00247	0.00794	0.00748	0.00813	0.01300
26	0.01683	0.01442	0.01683	0.01202	0.01923	0.01082	0.00961	0.02043	0.01683	0.02644	0.01442	0.01683	0.01202	0.00601	0.00601	0.00120	0.00601	0.00481	0.00481	0.76444
27	0.01409	0.00705	0.01057	0.01057	0.01057	0.00705	0.00705	0.01057	0.01057	0.01409	0.01409	0.02467	0.01409	0.02819	0.03171	0.76392	0.00705	0.00705	0.00352	0.00352
28	0.01956	0.17630	0.06355	0.04591	0.22832	0.11755	0.03612	0.02314	0.01800	0.02251	0.01979	0.15437	0.01984	0.01098	0.00779	0.00242	0.00947	0.00944	0.00458	0.01035
29	0.03230	0.01313	0.01717	0.01357	0.01911	0.01182	0.01108	0.03678	0.06185	0.53709	0.03127	0.02817	0.02048	0.01002	0.00781	0.00244	0.00642	0.00814	0.11852	0.01284
30	0.01892	0.01648	0.02000	0.05932	0.07745	0.05298	0.02945	0.02272	0.01770	0.05958	0.01536	0.01798	0.01235	0.00662	0.00660	0.00156	0.00740	0.00550	0.00488	0.54714
31	0.01908	0.01945	0.02573	0.08023	0.18224	0.10815	0.05701	0.02232	0.01656	0.02246	0.01652	0.07966	0.01558	0.01150	0.01442	0.00285	0.24373	0.00847	0.04426	0.00980
32	0.03641	0.01381	0.01883	0.01444	0.02071	0.01193	0.01193	0.03954	0.02322	0.66984	0.03201	0.02762	0.02009	0.01004	0.00816	0.00251	0.00690	0.00816	0.01004	0.01381
33	0.01742	0.08283	0.31965	0.01928	0.04834	0.01721	0.02007	0.04453	0.09230	0.05963	0.04043	0.15705	0.02302	0.01194	0.00819	0.00265	0.00897	0.01004	0.00547	0.01097
34	0.01650	0.03772	0.56185	0.08214	0.07226	0.01885	0.04846	0.02524	0.01719	0.02533	0.01465	0.01783	0.01053	0.00769	0.00782	0.00258	0.01181	0.00628	0.00350	0.01175
35	0.01409	0.00705	0.01057	0.01057	0.01057	0.00705	0.00705	0.01057	0.01057	0.01409	0.01409	0.02467	0.01409	0.02819	0.03171	0.76392	0.00705	0.00705	0.00352	0.00352
36	0.02169	0.71972	0.04252	0.01388	0.02083	0.03211	0.01388	0.02430	0.01649	0.01909	0.01128	0.01302	0.01041	0.00694	0.00521	0.00174	0.00868	0.00434	0.00347	0.01041
37	0.01928	0.01720	0.02464	0.23976	0.20715	0.03709	0.01937	0.10441	0.05792	0.02746	0.01792	0.04376	0.01476	0.01085	0.02831	0.00291	0.06378	0.00785	0.04487	0.01072
38	0.01252	0.00899	0.01239	0.01400	0.01576	0.00886	0.01188	0.01598	0.01869	0.02450	0.09262	0.15106	0.06814	0.02221	0.01095	0.00357	0.00681	0.48610	0.00759	0.00738
39	0.02108	0.01788	0.01885	0.01669	0.02144	0.02060	0.01306	0.09316	0.59805	0.03539	0.03188	0.02936	0.02385	0.01090	0.00824	0.00273	0.00663	0.00902	0.00824	0.01292
40	0.01193	0.00856	0.01159	0.01239	0.01407	0.00822	0.00995	0.01537	0.02006	0.02730	0.30740	0.16828	0.06050	0.02036	0.01038	0.00316	0.00551	0.26945	0.00811	0.00742
41	0.02051	0.02132	0.10509	0.03909	0.38950	0.01832	0.13748	0.02602	0.01887	0.08092	0.01826	0.02444	0.01484	0.00824	0.00846	0.00257	0.01031	0.03891	0.00466	0.01220
42	0.01729	0.07507	0.48301	0.02534	0.03612	0.02000	0.17849	0.02569	0.01759	0.02540	0.01484	0.01808	0.01079	0.00745	0.00803	0.00256	0.01222	0.00679	0.00360	0.01164
43	0.01167	0.00757	0.00950	0.00999	0.01019	0.00752	0.00622	0.01161	0.01263	0.01692	0.02846	0.21768	0.03277	0.38931	0.06550	0.13045	0.00764	0.01378	0.00534	0.00525
44	0.01132	0.00901	0.01237	0.01160	0.01351	0.00834	0.05991	0.01289	0.01574	0.02006	0.04947	0.19633	0.27208	0.16681	0.05025	0.05505	0.00687	0.01556	0.00628	0.00654
45	0.02133	0.39370	0.16991	0.02017	0.07911	0.11175	0.01862	0.02544	0.01742	0.02122	0.01243	0.01494	0.01061	0.00769	0.00737	0.00211	0.04665	0.00519	0.00360	0.01074
46	0.02036	0.07721	0.08849	0.04228	0.48947	0.05477	0.06093	0.02538	0.01848	0.02548	0.01482	0.01910	0.01229	0.00728	0.00784	0.00237	0.01027	0.00694	0.00394	0.01229
47	0.01564	0.01345	0.01626	0.01665	0.07179	0.01462	0.01191	0.05315	0.18636	0.02760	0.09390	0.06751	0.22953	0.01557	0.01111	0.00286	0.08547	0.04990	0.00710	0.00962
48	0.01450	0.00756	0.00788	0.00801	0.00978	0.00748	0.00593	0.01809	0.01718	0.02955	0.05856	0.08949	0.02628	0.01116	0.00626	0.00204	0.00386	0.00922	0.65969	0.00748
49	0.01371	0.00709	0.01041	0.01053	0.01056	0.00706	0.00697	0.01068	0.01095	0.01460	0.01662	0.06936	0.01739	0.06369	0.03086	0.67663	0.00694	0.00831	0.00385	0.00379
50	0.01963	0.01680	0.01794	0.01639	0.02076	0.01933	0.01286	0.04106	0.60017	0.03319	0.03380	0.03507	0.02649	0.01190	0.00849	0.00283	0.00650	0.05618	0.00820	0.01242
51	0.02077	0.02296	0.06785	0.12000	0.20628	0.12681	0.12995	0.07500	0.04108	0.02639	0.02103	0.02437	0.06314	0.00886	0.00832	0.00250	0.01088	0.00809	0.00471	0.01099
52	0.05666	0.06917	0.01856	0.01447	0.01840	0.01666	0.01163	0.12769	0.13481	0.10146	0.02349	0.02794	0.01923	0.07027	0.24581	0.00649	0.01251	0.00813	0.00633	0.01029
53	0.14381	0.01352	0.01521	0.01279	0.01747	0.01372	0.01026	0.05148	0.13263	0.27654	0.06551	0.02805	0.02249	0.01009	0.00729	0.00244	0.00600	0.00800	0.15141	0.01128
54	0.01875	0.01728	0.02805	0.18152	0.38343	0.01811	0.04119	0.07457	0.01954	0.02675	0.02135	0.05752	0.05756	0.00938	0.00832	0.00255	0.00936	0.00873	0.00468	0.01134
55	0.02190	0.04307	0.09898	0.14506	0.18890	0.09192	0.09058	0.09125	0.06275	0.06163	0.01728	0.02046	0.01311	0.00817	0.00806	0.00249	0.01064	0.00725	0.00492	0.01159
56	0.01562	0.01309	0.07068	0.17884	0.02476	0.01180	0.01289	0.01867	0.01573	0.09349	0.05872	0.07800	0.04309	0.25362	0.07239	0.00526	0.00941	0.01050	0.00545	0.00801
57	0.07650	0.01215	0.01596	0.01378	0.01834	0.01117	0.01146	0.02988	0.02146	0.38946	0.11274	0.04644	0.03298	0.01372	0.00887	0.00282	0.00661	0.15558	0.00894	0.01115
58	0.01855	0.12142	0.02200	0.06828	0.02243	0.01825	0.04235	0.07565	0.21525	0.05004	0.12061	0.03488	0.09081	0.01446	0.04695	0.00312	0.00795	0.00968	0.00681	0.01052
59	0.10197	0.01503	0.05286	0.01804	0.02237	0.01373	0.16276	0.06784	0.01911	0.06184	0.08225	0.28400	0.03344	0.01521	0.00908	0.00286	0.00780	0.01410	0.00651	0.00920
60	0.01124	0.00800	0.00939	0.00947	0.01028	0.00785	0.00609	0.01228	0.01412	0.01864	0.07897	0.09929	0.14505	0.42489	0.10437	0.00689	0.00830	0.01333	0.00576	0.00582
61	0.01339	0.00953	0.01213	0.01125	0.01337	0.00964	0.00855	0.06809	0.02141	0.03049	0.41146	0.04929	0.05456	0.05829	0.14227	0.00481	0.00795	0.01231	0.05325	0.00796
62	0.02242	0.02783	0.07099	0.08048	0.03053	0.29181	0.14968	0.02639	0.01967	0.02258	0.06408	0.02100	0.01608	0.00946	0.01086	0.00256	0.11218	0.00739	0.00435	0.00966
63	0.14321	0.18438	0.01972	0.01206	0.01618	0.01659	0.01003	0.06103	0.01900	0.07762	0.12175	0.15952	0.10171	0.01386	0.00769	0.00250	0.00620	0.01129	0.00656	0.00912
64	0.02358	0.01884	0.01579	0.01415	0.01763	0.21467	0.01075	0.02595	0.02017	0.18001	0.06325	0.03850	0.09088	0.11374	0.01289	0.00320	0.00871	0.04545	0.07264	0.00919
65	0.01163	0.00831	0.01098	0.01143	0.01293	0.00791	0.00873	0.01471	0.01974	0.02713	0.35303	0.17544	0.06146	0.07887	0.01280	0.00342	0.00521	0.16108	0.00800	0.00720
66	0.07234	0.01585	0.01816	0.01531	0.02062	0.01670	0.01222	0.04049	0.35582	0.29322	0.03130	0.02816	0.02189	0.01040	0.00802	0.00264	0.00661	0.00847	0.00879	0.01299
67	0.03270	0.01648	0.02025	0.01591	0.02191	0.01620	0.01320	0.23995	0.02792	0.40998	0.02863	0.02987	0.02004	0.01091	0.00838	0.00258	0.00763	0.05496	0.00919	0.01331
68	0.01699	0.09810	0.57662	0.02412	0.07575	0.02000	0.02827	0.02553	0.01717	0.02519	0.01433	0.01698	0.01046	0.00761	0.00752	0.00249	0.01155	0.00594	0.00347	0.01191
69	0.01789	0.01510	0.01721	0.01282	0.01956	0.01265	0.01024	0.06361	0.08624	0.02874	0.01893	0.02041	0.03432	0.00726	0.00651	0.00150	0.00619	0.00584	0.00549	0.60950
70	0.01666	0.01905	0.11489	0.04354	0.02303	0.01999	0.03753	0.01938	0.01352	0.02059	0.01329	0.02005	0.01205	0.01638	0.05380	0.08880	0.40797	0.00712	0.04371	0.00865
71	0.01872	0.17840	0.40565	0.02279	0.03266	0.06370	0.11885	0.02588	0.01768	0.02401	0.01404	0.01686	0.01063	0.00746	0.00746	0.00239	0.01174	0.00616	0.00359	0.01134
72	0.01236	0.00916	0.01147	0.01147	0.01366	0.00870	0.00907	0.04474	0.02138	0.02876	0.33526	0.10868	0.17197	0.01894	0.00995	0.00291	0.00507	0.16053	0.00820	0.00770
73	0.03085	0.02273	0.02435	0.01867	0.02516	0.02516	0.01542	0.63716	0.03815	0.05114	0.01948	0.01948	0.01380	0.00974	0.00812	0.00244	0.00893	0.00731	0.00812	0.01380
74	0.01752	0.00950	0.01257	0.01263	0.01491	0.00886	0.00932	0.02065	0.05068	0.19009	0.04070	0.45617	0.04299	0.02048	0.00973	0.00309	0.00555	0.05750	0.00822	0.00885
75	0.00989	0.00706	0.00942	0.01130	0.01177	0.00659	0.00753	0.01130	0.01554	0.02071	0.04472	0.70954	0.05367	0.02542	0.01036	0.00330	0.00471	0.02307	0.00753	0.00659
76	0.01310	0.00759	0.01089	0.01089	0.01124	0.00794	0.00745	0.01173	0.01138	0.01552	0.01787	0.03115	0.01817	0.15036	0.19225	0.45485	0.01077	0.00824	0.00396	0.00466
77	0.01384	0.00857	0.01072	0.01035	0.01124	0.00877	0.00679	0.01482	0.01307	0.07212	0.02518	0.04575	0.02645	0.49522	0.19508	0.00867	0.01117	0.01073	0.00521	0.00624
78	0.00989	0.00706	0.00942	0.01130	0.01177	0.00659	0.00753	0.01130	0.01554	0.02071	0.04472	0.70954	0.05367	0.02542	0.01036	0.00330	0.00471	0.02307	0.00753	0.00659
79	0.01409	0.00705	0.01057	0.01057	0.01057	0.00705	0.00705	0.01057	0.01057	0.01409	0.01409	0.02467	0.01409	0.02819	0.03171	0.76392	0.00705	0.00705	0.00352	0.00352
80	0.01159	0.00869	0.01304	0.01304	0.01449	0.01014	0.01014	0.01449	0.01304	0.01884	0.02173	0.03188	0.02029	0.06086	0.68268	0.01304	0.02173	0.00869	0.00435	0.00724
81	0.01046	0.00777	0.00974	0.01026	0.01175	0.00706	0.00731	0.01294	0.01904	0.02560	0.29373	0.33041	0.18215	0.02099	0.00990	0.00289	0.00424	0.01860	0.00808	0.00706
82	0.01928	0.01748	0.02898	0.22722	0.39357	0.01916	0.02285	0.02386	0.01743	0.05515	0.01535	0.02064	0.01239	0.00835	0.01003	0.00262	0.08284	0.00726	0.00414	0.01140
83	0.08876	0.02046	0.03099	0.02316	0.02985	0.02107	0.24601	0.28757	0.02689	0.07637	0.01971	0.05619	0.01527	0.00930	0.00852	0.00260	0.01014	0.00878	0.00644	0.01193
84	0.26543	0.01171	0.01116	0.00995	0.01361	0.01242	0.00792	0.05317	0.01775	0.11034	0.02185	0.02384	0.01645	0.00891	0.00588	0.00219	0.00522	0.00659	0.38659	0.00902
85	0.52925	0.15496	0.06970	0.01239	0.01816	0.02058	0.01151	0.02363	0.01455	0.03133	0.01206	0.01437	0.00978	0.01003	0.03833	0.00288	0.00795	0.00472	0.00456	0.00928
86	0.71411	0.01624	0.01290	0.01130	0.01643	0.01875	0.00931	0.07187	0.01571	0.03756	0.01194	0.01367	0.00918	0.00771	0.00526	0.00250	0.00648	0.00462	0.00526	0.00918
87	0.01742	0.01407	0.01556	0.01416	0.01770	0.01543	0.01097	0.07771	0.33951	0.03251	0.18145	0.04443	0.07125	0.06026	0.01101	0.00308	0.00605	0.04880	0.00809	0.01052
88	0.01664	0.09425	0.02158	0.07045	0.05622	0.01585	0.06536	0.04179	0.14036	0.04411	0.07030	0.19985	0.06491	0.01474	0.00883	0.00277	0.00727	0.04848	0.00659	0.00968
89	0.01532	0.01442	0.02434	0.69533	0.05589	0.01803	0.02253	0.02073	0.01622	0.02073	0.01442	0.02163	0.01082	0.00811	0.00811	0.00270	0.01082	0.00721	0.00361	0.00901
90	0.01510	0.01354	0.01160	0.01093	0.01390	0.11961	0.00825	0.01762	0.02011	0.05749	0.15670	0.05894	0.38341	0.01661	0.00887	0.00253	0.00594	0.01365	0.05738	0.00781
91	0.02057	0.07068	0.01531	0.01152	0.01468	0.01159	0.00885	0.04204	0.01780	0.20878	0.03267	0.04323	0.09277	0.22701	0.01941	0.04425	0.00695	0.04621	0.05697	0.00872
92	0.10955	0.02270	0.13095	0.01869	0.02561	0.01994	0.06468	0.28699	0.02633	0.12238	0.01936	0.02070	0.01392	0.01332	0.06519	0.00340	0.01033	0.00717	0.00661	0.01216
93	0.01418	0.01154	0.01265	0.01182	0.01470	0.01201	0.00883	0.02404	0.24794	0.02834	0.20798	0.05336	0.20651	0.09494	0.01270	0.00328	0.00530	0.01300	0.00786	0.00902
94	0.07896	0.02732	0.24808	0.02130	0.08039	0.05933	0.01966	0.10101	0.17409	0.03169	0.06224	0.02329	0.01874	0.00933	0.00781	0.00255	0.00925	0.00743	0.00574	0.01179
95	0.13123	0.15642	0.02493	0.01824	0.02303	0.47511	0.01441	0.02978	0.02057	0.02201	0.01215	0.01415	0.01022	0.00800	0.00662	0.00209	0.01242	0.00495	0.00417	0.00950
96	0.59251	0.01523	0.01361	0.01159	0.01692	0.01667	0.00955	0.02768	0.01611	0.19106	0.01636	0.01671	0.01155	0.00815	0.00579	0.00251	0.00643	0.00531	0.00625	0.01001
97	0.70957	0.01553	0.01251	0.01099	0.01612	0.01767	0.00905	0.02519	0.01461	0.09028	0.01306	0.01441	0.00975	0.00775	0.00529	0.00251	0.00633	0.00471	0.00545	0.00921

[dist]
# distance from previous block
# <min> <max>
0	1

[block]
# block no. 3 follows, 23 sequences, length 21
# corresponding to MSA columns:
# 227-247
name=unknown_D
#
# <colnr> <probs for GDERKNQSTAVLIFYWHMCP>
#	G	D	E	R	K	N	Q	S	T	A	V	L	I	F	Y	W	H	M	C	P
0	0.01915	0.02189	0.04788	0.03420	0.04241	0.02052	0.63475	0.02599	0.01915	0.02599	0.01642	0.02189	0.01231	0.00684	0.00958	0.00274	0.01368	0.00958	0.00410	0.01094
1	0.01627	0.04197	0.67279	0.02313	0.03512	0.01884	0.02998	0.02570	0.01713	0.02570	0.01456	0.01713	0.01028	0.00771	0.00771	0.00257	0.01199	0.00600	0.00343	0.01199
2	0.01501	0.01354	0.02222	0.48898	0.09803	0.01615	0.01975	0.01963	0.01597	0.02090	0.01781	0.02938	0.01556	0.07103	0.06147	0.00394	0.01107	0.04672	0.00405	0.00877
3	0.02008	0.01928	0.03294	0.04981	0.66422	0.01928	0.02490	0.02490	0.01848	0.02651	0.01526	0.02008	0.01285	0.00723	0.00803	0.00241	0.00964	0.00723	0.00402	0.01285
4	0.01157	0.00796	0.00912	0.00902	0.00955	0.00775	0.00546	0.01235	0.01413	0.01893	0.13151	0.05635	0.08895	0.54625	0.03363	0.00660	0.00691	0.01270	0.00577	0.00551
5	0.01374	0.01136	0.04703	0.01209	0.01477	0.01010	0.00988	0.03567	0.02003	0.06665	0.29561	0.13075	0.17139	0.02004	0.05420	0.00342	0.05330	0.01416	0.00758	0.00822
6	0.77215	0.01569	0.01193	0.01067	0.01569	0.01820	0.00879	0.02385	0.01381	0.03641	0.01130	0.01318	0.00879	0.00753	0.00502	0.00251	0.00628	0.00439	0.00502	0.00879
7	0.77215	0.01569	0.01193	0.01067	0.01569	0.01820	0.00879	0.02385	0.01381	0.03641	0.01130	0.01318	0.00879	0.00753	0.00502	0.00251	0.00628	0.00439	0.00502	0.00879
8	0.03028	0.02173	0.02350	0.01823	0.02455	0.02393	0.01499	0.55001	0.08914	0.08769	0.02140	0.02090	0.01512	0.00987	0.00813	0.00247	0.00859	0.00752	0.00825	0.01372
9	0.22041	0.02046	0.03318	0.02499	0.03158	0.06005	0.35521	0.05738	0.01893	0.02959	0.01678	0.02374	0.01368	0.00833	0.00826	0.00269	0.01110	0.04864	0.00479	0.01019
10	0.02009	0.02178	0.04515	0.03405	0.08140	0.02079	0.54893	0.07162	0.02053	0.02791	0.01657	0.02159	0.01246	0.00708	0.00937	0.00269	0.01306	0.00925	0.00440	0.01128
11	0.00994	0.00823	0.00870	0.00859	0.01117	0.00700	0.00644	0.01232	0.01932	0.02388	0.18869	0.07487	0.55322	0.01982	0.00959	0.00271	0.00406	0.01667	0.00779	0.00700
12	0.02741	0.01986	0.02131	0.01652	0.02242	0.02143	0.01354	0.49651	0.03332	0.04606	0.02005	0.02079	0.01465	0.00938	0.00759	0.00225	0.00795	0.00713	0.11521	0.07663
13	0.01903	0.07712	0.31399	0.02191	0.08116	0.16552	0.02122	0.02477	0.01896	0.02410	0.06762	0.05396	0.05669	0.00998	0.00786	0.00244	0.01076	0.00789	0.00449	0.01051
14	0.13761	0.01628	0.02546	0.29621	0.26032	0.01805	0.04530	0.02281	0.01679	0.02597	0.01494	0.02021	0.01180	0.00773	0.00752	0.00253	0.00943	0.00688	0.04383	0.01033
15	0.01068	0.00836	0.00987	0.01075	0.01284	0.00755	0.00846	0.01312	0.01804	0.02242	0.06411	0.19012	0.37419	0.02194	0.01020	0.00313	0.00521	0.19451	0.00752	0.00699
16	0.02559	0.01449	0.02202	0.02304	0.15091	0.01406	0.04263	0.02928	0.02028	0.31529	0.02906	0.04021	0.02390	0.01253	0.01017	0.00286	0.05506	0.14946	0.00752	0.01166
17	0.01917	0.28546	0.21917	0.14184	0.03210	0.07777	0.04160	0.02441	0.01752	0.02216	0.03959	0.01816	0.01322	0.00788	0.00696	0.00225	0.01049	0.00602	0.00379	0.01044
18	0.01618	0.01901	0.13760	0.17081	0.16860	0.01563	0.01912	0.07205	0.01882	0.02557	0.02789	0.16504	0.08438	0.01272	0.00862	0.00272	0.00871	0.01119	0.00523	0.01008
19	0.00986	0.00716	0.00932	0.01105	0.01170	0.00661	0.00742	0.01133	0.01578	0.02081	0.04781	0.65760	0.10361	0.02502	0.01029	0.00325	0.00466	0.02258	0.00753	0.00661
20	0.66303	0.01632	0.01558	0.01571	0.08430	0.01841	0.03608	0.02405	0.01451	0.03495	0.01192	0.01426	0.00936	0.00747	0.00552	0.00251	0.00693	0.00490	0.00488	0.00930

[dist]
# distance from previous block
# <min> <max>
0	1

[block]
# block no. 4 follows, 23 sequences, length 15
# corresponding to MSA columns:
# 249-263
name=unknown_E
#
# <colnr> <probs for GDERKNQSTAVLIFYWHMCP>
#	G	D	E	R	K	N	Q	S	T	A	V	L	I	F	Y	W	H	M	C	P
0	0.12064	0.50608	0.06309	0.01463	0.02113	0.02878	0.01423	0.07167	0.01763	0.02416	0.01203	0.01397	0.01047	0.00766	0.00667	0.00203	0.04584	0.00480	0.00404	0.01045
1	0.01713	0.01675	0.02479	0.46073	0.10067	0.06952	0.04512	0.02192	0.01694	0.02186	0.01573	0.02354	0.01272	0.00896	0.00930	0.00269	0.05548	0.02813	0.03869	0.00933
2	0.01131	0.00829	0.01061	0.01003	0.01202	0.00758	0.00752	0.01498	0.02257	0.03159	0.60813	0.06218	0.12897	0.01694	0.00957	0.00257	0.00385	0.01489	0.00881	0.00758
3	0.01556	0.01448	0.02198	0.06769	0.28852	0.01521	0.01683	0.01896	0.01740	0.02348	0.03744	0.07197	0.21400	0.01369	0.01125	0.00277	0.10106	0.03264	0.00529	0.00977
4	0.01006	0.00713	0.00936	0.01108	0.01151	0.00671	0.00730	0.01134	0.01520	0.02027	0.04300	0.65067	0.05150	0.08725	0.01313	0.00371	0.00499	0.02206	0.00730	0.00644
5	0.06738	0.03642	0.25540	0.04792	0.02938	0.33263	0.02066	0.07240	0.02118	0.02518	0.01377	0.01607	0.01055	0.00817	0.00741	0.00234	0.01264	0.00568	0.00422	0.01060
6	0.02416	0.02194	0.07675	0.14294	0.07567	0.02270	0.05470	0.33773	0.02747	0.03729	0.01681	0.01968	0.01251	0.00942	0.01010	0.00263	0.08221	0.00729	0.00596	0.01206
7	0.01882	0.11808	0.02037	0.01237	0.01911	0.01437	0.01031	0.04750	0.01795	0.05323	0.01572	0.01774	0.01279	0.00670	0.00605	0.00143	0.00641	0.00517	0.05656	0.53932
8	0.01148	0.00829	0.01085	0.01021	0.01212	0.00766	0.00766	0.01531	0.02297	0.03254	0.65994	0.06061	0.07656	0.01659	0.00957	0.00255	0.00383	0.01467	0.00893	0.00766
9	0.01654	0.01262	0.01454	0.01422	0.05046	0.01327	0.01028	0.09172	0.17606	0.03204	0.18166	0.04294	0.13160	0.01530	0.03717	0.00295	0.00615	0.01107	0.12969	0.00974
10	0.01812	0.01679	0.02637	0.15446	0.10916	0.02001	0.09138	0.07263	0.01719	0.02460	0.01531	0.02145	0.01289	0.01497	0.07686	0.00384	0.23938	0.00762	0.04713	0.00983
11	0.00990	0.00803	0.00879	0.00903	0.01126	0.00692	0.00661	0.01209	0.01859	0.02317	0.15528	0.18600	0.47429	0.02086	0.00972	0.00281	0.00418	0.01783	0.00773	0.00692
12	0.01977	0.36272	0.11612	0.01937	0.06572	0.02392	0.08151	0.02458	0.03721	0.04954	0.04997	0.02030	0.01604	0.01252	0.06567	0.00308	0.01042	0.00654	0.00436	0.01062
13	0.01890	0.11390	0.04446	0.02985	0.03736	0.02126	0.50343	0.02487	0.01832	0.02452	0.01614	0.02148	0.01268	0.01105	0.06131	0.00340	0.01364	0.00881	0.00404	0.01059
14	0.06658	0.20378	0.02675	0.01659	0.02219	0.06635	0.04884	0.14862	0.20788	0.03189	0.02070	0.02116	0.01603	0.00898	0.00708	0.00231	0.00826	0.00692	0.05764	0.01146

[dist]
# distance from previous block
# <min> <max>
0	1

[block]
# block no. 5 follows, 23 sequences, length 77
# corresponding to MSA columns:
# 265-341
name=unknown_F
#
# <colnr> <probs for GDERKNQSTAVLIFYWHMCP>
#	G	D	E	R	K	N	Q	S	T	A	V	L	I	F	Y	W	H	M	C	P
0	0.24828	0.09864	0.07343	0.04133	0.05830	0.02035	0.05967	0.14389	0.02126	0.13725	0.01716	0.01830	0.01242	0.00826	0.00695	0.00243	0.00847	0.00630	0.00596	0.01137
1	0.06826	0.44332	0.12704	0.01789	0.02532	0.08420	0.08672	0.02536	0.01727	0.02194	0.01243	0.01475	0.01051	0.00720	0.00622	0.00204	0.01007	0.00525	0.00370	0.01050
2	0.14535	0.02031	0.01839	0.01723	0.04041	0.18007	0.01305	0.08604	0.02017	0.02805	0.10852	0.10037	0.02597	0.01283	0.01104	0.00271	0.12326	0.03130	0.00577	0.00916
